0 47.839134010384356 56.828658684983736 95.18893197923128
49.818767087548075 163.33042221610998 64.27586582490383 95.22255556778003
138.88021422594912 149.82700447846815 72.23957154810176 107.97739104306368
209.14349586535803 231.79017511684077 58.84300826928393 84.0920497663185
246.1807286764892 127.80164309107224 58.56614264702159 90.74631381785554
213.59945922654876 106.05865477102145 56.35828154690253 89.38389045795708
98.91540167338496 67.9991059104054 47.839596653230075 70.31258817918919
57.58526915755894 50.84575158115093 46.54546168488213 63.385096837698164
152.04330036991792 62.280162423117375 48.71939926016415 69.02247515376523
29.097869560037495 0 27.75886087992501 39.061869450062076
239.3877126453304 3.4492547196853955 30.357374709339183 42.081890560629205
0 176.04273415649004 30.380713000244636 91.17213168701994
120.96221868944774 41.189815235425556 37.50656262110449 52.62356952914888
