193.0198816443552 97.71933713091207 74.22667271128964 111.72940573817584
320.78636411828836 123.42780874106843 84.37698976342324 132.79217651786314
280.1898900782564 56.96437609564994 73.04672984348724 112.62659580870012
53.41518996206075 27.00457220511469 60.46233607587851 99.9041435897706
153.99570360094123 0 52.478960798117555 63.9125140211773
327.9453254312655 0 70.32448313746909 97.5093985280858
27.79246943133286 138.87602577037023 82.55678313733426 133.13098845925953
399.0791342294772 7.314169665122932 46.75928554104564 65.90706266975414
22.464729998340687 0 35.29928800331862 38.882283650375626
239.1733681080973 0 48.85980578380543 62.49489562334301
