88.63080458056601 122.09404481369262 59.998420838867986 87.38326637261474
47.15607658606291 14.608835352116301 26.757612827874183 36.9347832957674
102.1335394106676 18.56613871757853 24.955143178664798 32.21607056484295
30.999999999999567 70.87009100000034 30.000000000000867 37.25981799999931
39.90179182520349 92.37535883705294 28.904904349593025 38.92824832589412
96.48189858205906 56.615425600179464 26.781806835881866 39.02354479964109
31.11131831228718 168.39591118722177 27.396171375425638 36.72119162555646
46.99677746976501 135.63780969276897 31.19672906046999 43.12721461446205
147.20185472645247 158.06100549223683 28.261302547095056 36.95739301552635
0 40.41613298445192 21.775806517820726 34.60773403109616
