278.22424990124074 114.38078662673901 104.08603419751853 175.885586746522
224.39097917122092 15.148883917872922 88.80373365755815 155.02521016425416
16.945276504941695 55.439019423329356 35.3775849901166 46.87274915334129
2.042258412165811 95.70439951451475 39.70336117566838 51.69327297097051
147.89255609434176 104.90097376904006 50.438561811316504 75.59093446191986
149.45421056767756 62.63853874320816 25.20382286464485 31.702512513583684
127.65269878890315 77.48470154798777 20.423268422193686 22.86429490402446
422.6743659336385 73.59158659975326 12.28500213272298 20.758994800493497
34.637581504973106 99.92278746008354 58.757880990053785 84.78070307983292
188.6431183986391 93.02136373806175 40.273763202721796 52.760606523876504
