115.88719099999818 19.223453000001307 77.35384800000361 105.82796599999736
329.2285009999975 46.06853100000168 77.71689000000504 115.26050799999663
2.008147748242475 49.24140950661826 19.108704503515046 29.517180986763485
20.71504999999961 5.196660000000284 17.189900000000772 23.326679999999428
49.85675763379045 50.64455338610291 12.904028732419093 20.942471227794172
61.588740035439784 55.73869197068714 13.20347192912044 20.61785405862571
36.79151956030418 111.99684687730824 19.532750879391642 29.248412245383534
10.569498244702325 177.7228685497127 22.257911510595356 30.17797490057461
0 134.61884211141682 23.82219720472576 45.22547377716637
258.7021842930827 120.27475261150468 18.395629413834513 26.536208776990634
298.15077322441977 167.34638209806312 27.862115551160514 38.927207803873785
291.10184598149533 7.077699516151844 18.54630803700934 25.59460096769631
325.3081812462298 128.83944279351144 18.63212150754032 22.27263041297715
426.1066573120134 72.94837109557304 21.8337433759732 28.12678780885392
223.02525753820188 15.90178152720142 17.94948492359623 23.775384945597153
