18.290214193223306 14.194728205136947 50.85181161355338 80.5541055897261
19.958568448452876 145.28515710930702 50.03314510309424 71.93815978138593
19.940953901974307 271.58180694203 46.964556196051376 79.6306221159399
107.8368230863358 16.647500573568912 50.90743982732842 74.25195885286217
106.78811551583406 142.47253300781625 55.776194968331865 86.3332339843675
107.21367327867821 271.51435776649026 52.231761442643574 73.58881846701945
198.96376329682033 17.25842831207855 52.27862940635936 76.9103293758429
199.13267175877812 140.0516707282619 53.12929248244376 79.72807654347616
200.05513795809478 271.9301811271795 51.130120083810425 77.73488574564101
291.2197996310241 19.815154906927397 47.33250273795181 80.73445818614519
290.9256275910978 140.239169735959 52.51022681780444 78.904160528082
290.57920973686316 271.29109663681203 49.51201252627368 81.119468726376
380.3801955650786 18.027216423067514 52.65164086984271 79.69385915386498
384.5379675378412 145.2531087384595 50.28587092431758 78.84447652308097
374.0003077863072 264.99035373774933 62.00501442738562 100.73006052450137
