0 18.174443050952682 27.360116860800858 45.81203189809463
25.230065607713527 16.215660259200632 25.852368784572946 37.35617948159873
49.06834697104259 65.68710854704068 37.67176605791482 56.99549290591864
4.762092050898623 130.58026540900192 39.79177589820275 62.89158518199616
67.10815619241784 125.62503918450125 40.443371615164324 60.6556796309975
88.73958592698443 169.18280672209866 72.59358214603114 111.00929255580266
61.781907149448735 24.734093176843224 32.57904170110253 42.779933646313545
103.04027600823657 21.795165350751798 28.08670598352687 39.05735529849639
85.12036352671433 74.32970008596956 38.24412094657134 62.23315982806088
132.05604285934675 76.55791020112916 38.87228828130651 54.243553597741666
174.92160338565125 97.79411951026168 33.76285322869751 54.10199497947664
210.13644087485343 86.31576274948304 38.70611225029313 67.27349650103392
151.15175669535878 34.64371869592112 28.312598609282418 42.38080860815775
129.02562688775643 10.501858732060365 23.831098224487164 30.572752535879275
83.13832936297375 0 19.2947692740525 16.954112972679084
166.4278011734801 32.553609694281775 28.922173653039806 38.44833461143645
163.12198087885082 8.483618132421114 21.00603824229836 29.532763735157772
230.55378547548028 29.622511917614744 26.20012104903944 34.90882216477051
245.26340928643077 52.317193246106676 32.87858542713843 42.33858550778664
301.34958318633926 102.38608613045656 28.21943762732144 42.338291739086884
235.6723451035788 0.34972614433375604 19.3860777928424 30.992853711332486
300.42576028851704 9.49248283643768 25.19686542296597 36.41825832712464
351.28664788681596 31.56754122765111 26.82455222636804 35.98319554469779
382.23039475295633 78.5658777365202 37.72102849408736 58.400710526959585
415.37601122110897 43.711153048125595 34.62398877889103 60.094175903748805
386.93736688506596 32.089517610205284 24.76162822986805 38.63914677958943
336.98470073238263 2.453010672579609 17.94236253523468 23.182212654840782
