7.623420895070346 8.241217319597098 46.63234220985931 74.9024453608058
138.7755288725465 2.9043886886048327 43.46095825490704 64.62468862279033
206.66252865776542 20.641997262789957 48.43877068446915 72.48610947442009
275.2915159552458 6.753681842896903 44.538720089508445 65.6021623142062
345.45592906330006 5.808336648259136 44.0579638733999 65.56230670348171
239.70143079028045 100.62431883498465 75.32309641943905 110.50197833003068
318.51122903042153 103.35192665514309 78.34969393915696 117.18640268971386
337.12722793988434 175.73880376834998 93.6392181202313 120.70769246329999
70.80002777259001 51.51013374647889 69.78991845481998 100.22935650704224
424.50194860491433 108.96004945023144 25.498051395085668 79.0905770995371
