111.61016474439225 48.26985898759817 112.7618865112155 169.80888802480365
49.871156941619155 195.20306013230106 21.466868116761695 26.64489973539787
77.5217687273626 193.3577729618887 20.49228054527481 27.112534076222573
103.26756489175506 195.79122037579938 20.364872216489886 25.25644724840123
210.76230579046882 200.53710801404898 17.391470419062387 24.02368597190201
236.55152418535303 197.1457821681597 17.353095629293932 23.562235663680553
253.6064692582932 195.99205128902832 17.60206948341363 23.554769421943377
283.2306691564052 195.47065177188895 20.418663687189564 25.883696456222083
308.6644298534095 197.03814013136696 19.264132293180978 27.195955737266104
326.23790571497136 199.0652098400495 17.816548570057307 22.93270231990101
