66.38330544134976 100.93408873125895 72.28958911730047 99.87922253748212
150.57482523852855 126.31711113464263 24.28714952294291 30.96617773071472
224.005835002219 115.81650936379941 15.345471995562036 26.3505812724012
5.010462123709756 114.25025839053244 10.96887575258049 14.95868321893515
26.13076172198173 141.1242631052526 14.503276556036536 17.75147378949481
34.39037023964844 142.6903090956866 16.45085952070312 17.280981808626848
188.898072587355 137.61690582127116 15.108854825289995 21.061188357457695
165.38955521688163 120.10240986311366 20.55428956623672 22.885580273772646
197.03599195447197 125.7140113447229 12.574616091056043 14.951377310554165
285.5838386041707 125.84140701972905 14.70292279165858 21.950185960541887
337.3303537682096 108.65591359814255 25.05804246358082 36.958972803714914
359.55308542195775 77.67749458131512 38.01262915608447 56.59501083736977
