67.97014862610652 27.086879390695437 74.39671674778697 122.04380721860915
187.1481617710011 74.8140932054192 53.66037645799781 83.2828735891616
64.98561856613364 199.33501088081218 96.51661886773272 116.66498911918782
249.02955758037908 89.78850598455708 58.75181083924181 96.92828603088583
302.5550348456551 21.000513491335347 46.73178030868985 81.54040901732932
277.3800852167424 17.73743357526265 39.904421566515225 60.498996849474715
1.8218502744984484 24.36084141559079 21.380109451003104 31.23750116881841
33.37799858302158 14.51762656701517 20.71339083395683 29.421888865969656
47.274488810715525 27.225581224636308 19.633714378568953 26.10172155072739
49.33503657564421 54.81814673522567 29.400556848711574 43.16296252954868
141.0218784183281 49.75002048830456 25.687085163343795 39.14668702339088
3.3761756981382405 84.06504083572183 66.39150260372352 100.72780832855632
239.94642414961803 32.180693135654174 24.401395700763914 29.971235728691653
240.51522202418036 53.51651551429527 22.951207951639304 28.98990497140945
397.61659226704484 27.573473045144976 30.53809146591027 46.88142190971004
