139.98772393953715 50.46619298967804 65.01715212092569 97.44885402064392
0 170.3817316820163 32.376921164209236 56.54295463596742
38.671017942401875 187.34897645386752 35.15586611519625 55.46881309226495
41.04107080797883 101.38165782405494 39.37792838404235 52.78336835189012
118.89705844147794 18.735333806379746 36.36108311704412 55.319278387240516
134.09862875664152 0 38.804378486716985 32.42363385668039
256.4014651684257 0 36.12606966314854 31.898536039643524
224.2726673362073 76.21289031764245 33.24072532758544 52.91501536471513
271.5739080185789 72.03182535365363 38.634793962842195 54.80863129269275
315.9468836279383 27.62012217999861 32.05311637206171 53.95063364000277
