0 252.10554760623288 84.5182756224855 116.63810478753422
208.30494076479042 133.55096866399987 101.38891647041916 141.49381467200027
0 142.09045860930752 49.83502532913363 113.47988278138496
0 9.97737573721762 40.51050407968692 62.816048525564746
130.30410586134326 45.135717497529285 63.238588277313454 76.82036500494142
165.2166217989235 0 62.278850402152955 85.94927548066858
309.18175146846283 17.907853404793634 73.72649706307436 102.06209319041275
340.54560974202275 83.55379749819109 77.36878051595454 93.98340500361782
281.40589664221125 135.93210229303264 76.64660671557749 112.23699541393472
327.211660662813 233.59167339702958 73.880878674374 116.19365320594079
