0 82.08717789278136 86.90803137670602 129.71344621443728
84.80598093006924 35.27768860386764 44.32454413986153 61.87593079226473
148.3048005063421 40.198029908298 50.90460898731578 77.576376183404
270.37268283624735 88.95005627468262 115.2945323275053 164.67196945063478
233.28047055436252 49.5280843157948 32.241440891274976 46.28841736841039
281.9486775167946 52.46764947338674 33.78756296641086 44.444143053226526
275.4773134878303 20.326652324984508 27.370953024339315 34.85315535003099
310.95763310250294 21.266076991392996 21.523329794994083 30.535096017214013
325.26309213288425 15.684662649086977 33.28875573423147 42.790266701826056
368.44592931687674 63.01643150666052 75.55192536624656 95.01995098667896
364.65791882598245 6.410248417000817 22.459802348035055 29.47757916599837
390.2477650110869 22.830077001148393 26.162837977826143 34.2181299977032
334.42269930320947 1.921264439489807 20.592803393581107 26.320391121020382
