0 67.28825977374092 73.08540143472871 93.38642445251816
102.1994366094606 44.35779672532961 76.4199067810788 122.3959865493408
69.22338617805671 0 36.504995643886545 42.84534122735171
96.28678788585293 0 45.880818228294146 43.11740703225846
146.58978358338243 0.5124700023990769 49.90557683323516 68.93705999520185
219.77955209234997 0 56.03685381530008 61.41356182737233
299.11244224331386 18.25682935135528 56.638815513372265 79.66807329728944
224.99801252908304 67.04923208850057 93.89321494183389 140.8011358229989
343.261963039285 0 79.60527392143001 92.59735909368302
25.4437794194113 55.53315911425231 58.654241161177396 85.25228177149538
