110.82809656636525 21.662949343746064 96.08335286726953 123.42505131250788
82.32366303927361 274.91219704128764 21.32027392145278 29.671205917424686
115.69496120355873 265.06064800616906 19.17027759288254 30.368903987661838
148.87254486408156 261.09256950502595 17.48651027183689 28.610260989948074
178.24104634288076 263.5166160505241 20.573507314238498 30.64896789895181
110.36984771519712 318.04333003327685 18.89410456960576 27.006739933446283
139.35909999999907 312.1571000000006 19.123800000001836 31.852799999998865
164.74067409835288 312.8054977337074 20.105651803294222 33.01920453258515
189.0342626304718 323.07060490700405 21.145074739056383 29.83899018599186
205.37133955106654 344.05348334518504 22.4422388978669 29.8840333096299
208.3486518257872 276.8617453451437 18.48769634842563 23.308909309712703
