130.84352046850634 46.30197167083971 75.72895906298731 125.41705665832055
58.74333077988437 150.30753499698864 28.04473844023125 38.3830260060227
415.210690851085 199.47024806783918 30.244618297830016 43.64530386432165
310.04611376315023 192.1772983819357 26.654172473699532 41.33060323612858
284.55665843272715 176.89714057799117 28.72468313454567 39.54491884401767
282.78177721349977 154.48600024345944 24.52344557300046 32.255799513081115
382.4135912724276 166.22731539218123 27.041817455144837 33.56596921563755
326.7322642322084 172.02930983496069 25.84527153558315 36.209672330078604
218.52529789731906 122.67770595318275 12.271404205361875 16.373386093634494
240.79833087881528 134.59039952912178 22.411338242369396 27.133400941756463
16.3139597894373 218.72187198112093 34.6716804211254 47.02845603775816
415.388124181928 157.28768025744148 24.091751636144068 32.30563948511701
265.87247426333164 156.98224002986058 20.875251473336675 26.602319940278846
286.2631666027236 138.95730960643044 13.794466794552818 16.78838078713909
350.95987328882086 158.32929087052176 25.343453422358266 31.93361825895647
397.449522157754 183.63101632012072 25.140355684491965 32.11896735975853
359.2242201626921 178.05233850971985 29.55155967461576 34.89532298056031
428.9667708521601 173.17123339978824 20.033229147839904 35.49913320042356
391.94715535539433 147.75236574931665 19.906689289211386 23.703602501366674
400.21749102213187 133.3029327601949 15.696017955736238 19.394134479610216
320.5071718438716 142.62860151503656 11.977656312256727 14.892130969926882
396.2764752581079 206.38220980207873 25.17724948378418 34.51738039584251
