132.6844056146692 49.83094773525413 66.55138877066162 98.01610452949173
17.637663507981006 259.13582989786096 23.45664498403799 33.46714020427805
312.70256525301426 213.76551146084057 25.338751493971472 37.76757707831888
226.36092459987773 206.9672915507352 25.43455080024455 35.3862168985296
241.90698925031867 146.01564294012073 26.30862149936266 37.25111411975854
7.479525613425833 118.16196424901042 23.04094877314833 29.265471501979164
53.98031342733773 48.570314496192665 22.159373145324544 29.69457100761467
26.80057489925416 132.66724329717402 25.870650201491685 34.72051340565196
279.7735850257444 78.88447039691579 20.27962994851123 32.483059206168434
0 54.88419119459462 19.066983826392978 27.94941761081077
47.58523200531819 174.578010525422 22.03153598936362 31.05837894915601
