406 54 22 22
121 6 24 24
159 7 23 23
301 11 24 24
251 166 27 27
48 53 28 28
768 115 26 26
576 61 27 27
184 65 26 26
616 111 36 36
99 243 27 27
183 16 25 25
337 165 32 32
285 16 25 25
821 54 31 31
256 262 38 38
787 64 30 30
389 346 45 45
906 227 44 44
811 178 34 34
166 72 24 24
88 187 31 31
767 186 38 38
983 241 34 34
381 189 35 35
289 472 39 39
22 319 42 42
630 294 34 34
278 294 43 43
272 365 49 49
457 327 44 44
52 304 39 39
563 301 42 42
146 504 48 48
669 435 45 45
367 385 36 36
861 133 32 32
245 464 54 54
223 308 43 43
514 414 45 45
163 290 45 45
931 73 30 30
353 76 25 25
834 74 35 35
164 117 42 42
106 422 50 50
762 493 48 48
924 498 44 44
247 399 51 51
164 383 46 46
689 480 62 62
120 35 22 22
754 28 25 25
475 38 29 29
18 83 28 28
725 86 28 28
808 145 26 26
967 90 34 34
911 148 35 35
753 334 41 41
304 203 44 44
991 77 31 31
695 336 43 43
769 140 38 38
413 427 46 46
268 95 35 35
978 150 37 37
415 100 24 24
872 99 34 34
139 98 41 41
492 91 43 43
