40 395 22 22
720 132 22 22
947 614 23 23
975 525 25 25
871 462 25 25
531 527 26 26
805 665 24 24
171 667 24 24
460 531 26 26
248 632 25 25
218 571 24 24
575 392 25 25
364 1 25 25
456 1 26 26
223 346 25 25
134 280 26 26
407 522 26 26
903 561 26 26
18 562 28 28
50 192 28 28
145 600 25 25
238 453 22 22
466 561 26 26
403 383 25 25
75 603 24 24
889 320 24 24
772 129 23 23
201 603 25 25
781 564 24 24
771 602 26 26
830 605 26 26
766 640 25 25
581 607 24 24
432 493 26 26
34 353 24 24
614 492 27 27
98 357 24 24
319 426 23 23
568 221 23 23
751 665 29 29
300 154 26 26
819 92 28 28
848 22 25 25
409 349 29 29
944 425 26 26
894 636 25 25
357 153 23 23
560 423 24 24
764 422 24 24
152 352 23 23
324 61 22 22
217 63 23 23
11 161 22 22
94 87 24 24
32 90 24 24
412 167 22 22
541 489 24 24
619 220 24 24
654 311 26 26
835 314 27 27
943 112 27 27
938 375 29 29
107 185 24 24
689 186 26 26
654 116 24 24
595 316 23 23
236 321 22 22
364 118 27 27
513 185 25 25
