353 264 23 23
305 266 24 24
884 266 28 28
668 272 25 25
357 341 27 27
438 330 27 27
296 350 24 24
135 333 30 30
475 267 28 28
516 346 27 27
232 256 28 28
95 259 24 24
328 260 24 24
516 260 23 23
624 260 24 24
651 260 23 23
236 346 29 29
430 247 27 27
821 248 25 25
841 248 25 25
457 250 27 27
571 356 28 28
667 356 27 27
731 284 27 27
518 220 22 22
383 229 24 24
731 228 26 26
280 230 24 24
666 233 24 24
70 234 25 25
611 233 25 25
584 238 26 26
796 239 28 28
765 242 27 27
388 259 22 22
558 240 26 26
264 250 24 24
