57 284 28 28
816 141 30 30
208 50 25 25
231 98 22 22
705 53 26 26
343 55 25 25
831 98 27 27
580 100 26 26
411 57 24 24
292 102 25 25
578 59 25 25
511 60 24 24
273 228 27 27
326 227 27 27
381 228 26 26
553 229 26 26
223 279 32 32
900 138 28 28
612 230 24 24
650 229 27 27
621 90 25 25
660 91 25 25
845 191 31 31
744 92 27 27
786 93 25 25
168 285 31 31
582 299 33 33
641 300 31 31
707 304 31 31
927 148 37 37
778 301 32 32
176 213 26 26
280 62 26 26
402 308 31 31
465 66 25 25
537 67 24 24
887 166 31 31
341 290 30 30
286 293 28 28
464 295 31 31
514 295 30 30
763 117 28 28
232 223 26 26
492 225 26 26
438 226 29 29
740 67 26 26
690 121 27 27
716 120 27 27
105 281 34 34
316 74 25 25
687 76 24 24
805 78 25 25
387 69 24 24
251 78 24 24
641 80 22 22
845 131 27 27
875 134 27 27
368 83 28 28
433 84 26 26
495 88 28 28
715 89 25 25
163 92 29 29
