715 175 30 30
573 113 28 28
106 171 38 38
596 361 34 34
748 224 37 37
597 186 30 30
443 392 38 38
282 167 28 28
524 344 37 37
966 343 39 39
391 367 37 37
11 180 38 38
651 370 32 32
721 142 26 26
303 380 37 37
454 187 37 37
463 307 39 39
512 194 29 29
336 313 31 31
671 194 30 30
269 195 33 33
363 193 34 34
295 270 34 34
555 195 36 36
896 193 36 36
711 351 38 38
254 147 25 25
818 196 38 38
195 357 42 42
158 142 39 39
396 146 35 35
187 174 40 40
143 188 37 37
854 326 41 41
220 203 36 36
616 184 45 45
763 432 60 60
672 155 28 28
324 156 33 33
579 154 32 32
759 154 30 30
63 153 44 44
359 155 36 36
445 162 27 27
491 163 31 31
691 217 34 34
43 313 70 70
