150 364 49 49
721 301 34 34
367 360 38 38
6 367 46 46
627 436 41 41
50 310 44 44
180 310 42 42
134 555 49 49
287 316 45 45
635 321 38 38
513 330 33 33
820 326 36 36
852 421 45 45
561 333 32 32
918 348 43 43
460 458 40 40
760 359 38 38
798 461 40 40
248 380 48 48
760 466 51 51
487 398 44 44
322 482 47 47
42 514 56 56
510 525 53 53
864 373 40 40
763 525 49 49
384 529 53 53
37 419 44 44
961 421 42 42
700 422 45 45
887 507 48 48
542 430 46 46
192 434 52 52
242 499 56 56
936 483 46 46
639 474 56 56
359 406 49 49
67 458 49 49
