349 1025 31 31
735 1042 34 34
737 891 32 32
803 901 35 35
676 867 35 35
132 872 30 30
445 1024 41 41
658 140 43 43
304 251 45 45
430 153 49 49
139 271 46 46
558 272 46 46
354 276 47 47
103 488 49 49
299 142 48 48
568 484 50 50
683 272 51 51
797 283 48 48
824 845 31 31
352 848 35 35
847 846 37 37
271 291 47 47
104 945 37 37
674 185 33 33
708 185 40 40
505 200 44 44
535 211 37 37
209 303 51 51
861 310 50 50
357 221 41 41
635 237 43 43
605 213 43 43
190 222 46 46
397 228 44 44
744 228 47 47
749 347 47 47
