908 6 24 24
166 76 24 24
726 82 30 30
269 195 30 30
62 208 37 37
54 136 39 39
610 77 38 38
103 264 49 49
439 375 50 50
354 231 34 34
441 152 40 40
873 151 37 37
203 288 49 49
693 317 56 56
602 161 40 40
270 325 48 48
264 271 50 50
0 336 43 43
378 336 53 53
809 477 66 66
131 486 56 56
663 417 58 58
266 430 54 54
395 263 59 59
746 242 54 54
772 562 80 80
724 451 63 63
230 546 79 79
883 344 58 58
298 322 67 67
14 30 25 25
237 177 34 34
322 105 38 38
934 114 36 36
468 172 47 47
81 235 44 44
746 173 46 46
658 229 43 43
337 58 27 27
662 62 32 32
