68 82 22 25
50 72 15 18
67 33 16 17
111 83 26 31
171 82 21 26
162 67 22 24
192 98 24 21
230 87 20 25
253 96 21 25
279 96 22 25
48 9 11 14
17 8 12 13
89 18 8 9
73 5 9 9
112 31 14 13
128 26 9 9
200 42 12 12
216 14 9 9
196 1 9 12
207 65 16 20
249 49 18 20
283 43 18 16
284 67 19 18
304 79 19 20
267 12 10 11
284 13 9 9
274 4 10 9
245 169 31 40
330 126 17 17
372 110 26 31
333 18 10 12
337 5 11 12
369 86 20 22
404 68 16 17
396 104 17 26
438 106 24 29
492 115 22 22
440 74 20 22
488 71 18 22
487 31 11 12
409 32 10 10
399 12 10 12
371 12 13 13
469 42 12 14
427 16 11 15
486 4 11 13
521 10 10 11
570 244 39 45
671 183 28 30
508 143 26 33
561 135 23 25
590 113 25 26
649 102 22 29
696 140 25 25
709 102 21 24
523 95 20 26
585 79 20 23
643 78 21 20
694 75 19 22
675 54 15 18
649 43 15 16
608 50 14 13
559 51 17 20
540 70 15 19
552 18 10 10
568 24 9 12
717 27 10 12
674 18 14 17
785 48 12 12
744 52 11 12
777 104 23 29
804 79 20 22
745 124 27 35
840 100 23 27
870 104 20 25
813 36 9 11
840 26 11 12
796 22 10 12
877 25 11 15
855 32 11 13
695 35 10 13
701 20 8 10
649 14 8 11
823 22 11 14
778 26 11 13
748 27 10 14
927 39 12 13
999 32 12 16
1016 25 7 13
921 14 12 14
900 33 14 18
872 76 13 13
956 89 13 14
929 92 16 20
951 54 15 17
850 183 32 35
878 169 24 28
885 143 22 21
906 99 21 23
941 127 26 29
962 118 21 28
983 132 23 27
1006 76 15 18
0 34 12 16
444 24 14 14
606 29 13 12
627 13 11 13
635 25 9 12
735 17 9 14
715 12 11 12
728 36 12 15
916 76 11 14
