806 442 24 32
936 435 21 28
57 542 20 22
83 539 17 21
183 535 22 24
268 529 16 25
331 542 15 22
424 538 20 22
222 527 13 16
294 526 11 13
288 527 8 12
364 539 11 13
380 544 11 15
376 524 10 11
13 531 8 13
135 528 7 11
126 534 6 7
524 540 21 26
496 521 17 23
549 541 19 19
595 524 17 20
615 529 11 15
588 530 10 14
517 527 10 12
640 543 9 11
661 530 22 23
742 539 16 18
699 532 9 11
865 543 18 20
407 508 7 10
48 531 11 13
304 534 11 10
362 489 6 7
401 517 7 9
8 524 12 11
40 524 8 9
31 528 8 11
390 495 6 7
79 524 6 5
