13 89 15 17
34 97 15 14
50 94 13 16
75 75 16 18
101 69 15 17
177 105 16 16
161 90 14 16
96 88 12 16
181 67 18 18
224 100 13 17
203 107 15 16
184 86 12 13
199 86 12 13
126 75 17 18
123 92 20 15
249 90 11 16
275 102 11 17
301 100 14 18
310 78 14 21
389 122 13 18
408 90 12 11
429 88 16 15
2 99 15 14
260 99 13 21
381 82 14 21
327 74 17 19
347 84 14 12
429 68 16 17
392 66 16 8
486 67 14 11
469 71 14 11
489 92 17 16
510 86 15 22
383 105 14 15
354 124 15 16
521 100 16 19
537 92 19 23
541 76 17 17
565 71 22 28
565 123 15 22
602 104 21 25
623 89 18 16
640 76 16 19
654 77 20 19
638 109 16 15
636 147 20 15
658 161 16 20
704 117 17 17
686 75 14 22
696 85 20 17
706 94 0 1
696 95 14 20
721 73 14 22
744 82 12 10
768 91 13 20
742 97 13 15
782 103 12 13
790 65 15 16
790 79 13 10
833 70 17 16
854 72 11 13
867 90 16 18
821 102 11 13
930 75 13 13
921 101 17 21
959 108 15 19
1004 103 14 17
1003 83 16 21
978 105 15 12
1001 129 15 18
883 213 15 16
863 210 16 15
903 93 15 18
171 206 24 25
635 240 15 18
