8 92 13 21
91 61 12 19
134 73 19 24
61 110 17 21
113 149 19 24
73 162 35 32
27 171 27 31
5 138 24 29
2 225 15 38
15 298 45 46
8 381 38 49
10 496 70 74
117 435 87 99
216 466 68 45
384 356 50 72
472 328 50 73
400 283 49 53
472 281 47 60
241 319 49 71
178 199 49 68
102 182 46 60
177 132 27 35
239 159 29 35
276 156 27 30
280 177 33 46
234 94 18 21
277 85 18 23
246 61 13 9
351 125 28 35
337 121 21 24
379 180 49 48
377 247 35 46
439 214 42 40
524 223 43 45
596 280 52 66
592 169 41 49
502 149 38 43
547 115 30 36
595 110 35 39
669 132 41 60
673 78 23 35
632 78 32 33
571 62 28 30
536 73 27 35
499 91 22 27
474 67 21 27
443 65 29 32
434 112 24 31
385 98 22 29
403 67 16 26
355 62 24 21
439 41 22 16
517 24 14 17
644 31 12 11
663 54 24 17
723 43 19 28
701 33 19 14
824 34 15 19
850 32 20 25
877 48 22 36
908 82 33 40
824 151 50 48
745 151 44 50
758 81 39 47
717 90 32 38
611 34 10 13
730 238 42 51
771 245 34 66
765 317 67 85
901 361 71 109
940 193 53 41
972 51 31 37
957 20 30 38
998 29 21 28
946 40 26 28
906 17 21 26
931 17 26 18
783 17 21 22
540 20 20 21
188 44 8 13
206 17 8 15
284 16 16 13
916 298 69 68
771 560 118 139
670 640 32 58
494 664 40 80
496 617 37 65
814 7 18 17
674 7 21 24
615 7 20 20
602 5 12 17
400 1 12 10
886 0 16 17
844 3 17 19
789 47 18 29
