44 45 12 13
101 51 10 14
150 57 10 13
187 43 12 14
21 99 12 11
68 99 12 15
113 88 11 14
167 96 10 13
27 145 13 16
77 145 14 17
124 151 13 16
175 139 12 18
44 199 14 14
130 202 13 18
230 48 12 15
274 54 11 12
320 44 12 13
363 46 12 14
210 97 11 13
259 110 13 15
304 98 11 13
353 96 11 15
227 143 11 15
273 155 11 15
325 138 12 19
221 207 12 15
313 209 12 18
410 34 11 13
465 35 13 16
508 32 12 15
398 88 12 14
442 95 11 15
490 84 12 16
533 97 12 15
512 132 12 19
461 149 12 16
420 145 12 15
375 148 12 15
397 200 11 16
481 206 11 18
538 195 11 18
601 188 13 19
679 194 12 18
555 35 10 11
603 39 12 15
653 22 13 16
700 27 12 13
742 43 10 13
585 92 12 17
629 90 12 16
674 92 11 15
716 83 13 16
559 130 13 17
604 140 12 17
649 129 13 16
693 126 13 13
739 135 12 18
782 34 13 13
826 31 11 13
864 39 12 13
913 29 12 14
761 89 11 14
808 93 11 14
851 93 11 15
892 97 12 15
934 95 10 14
782 138 13 13
825 128 13 15
876 118 14 20
929 119 13 13
764 192 14 18
872 194 13 18
959 40 13 13
979 79 13 14
980 131 13 15
962 184 13 16
