188 328 16 15
216 294 17 19
244 335 15 16
285 296 15 20
306 314 16 19
343 281 16 16
255 258 16 16
228 223 15 18
292 232 13 16
319 262 15 15
354 233 12 13
374 267 16 13
401 220 15 14
401 290 17 19
367 309 15 20
434 313 16 21
438 263 13 15
482 180 13 12
554 168 16 16
529 226 16 15
468 236 14 15
602 207 15 18
670 212 16 16
643 251 16 17
570 270 15 17
508 257 15 18
490 311 14 19
470 311 14 18
540 295 16 16
555 313 17 20
613 322 14 21
606 305 16 18
677 285 15 18
701 255 17 18
728 320 16 16
668 322 15 21
775 258 16 16
747 275 14 17
737 233 14 15
843 252 18 22
808 284 16 16
784 320 17 20
835 327 18 16
864 302 14 18
208 423 15 17
281 421 16 21
335 414 16 20
404 412 16 21
471 404 16 22
526 418 14 19
582 416 15 20
646 412 15 21
703 421 15 18
760 422 15 20
