49 440 13 15
29 471 14 18
32 129 6 7
92 104 6 9
181 76 6 8
256 92 7 9
239 145 7 9
170 119 6 8
57 191 6 8
264 137 7 9
290 129 8 9
264 169 7 8
292 169 6 9
308 160 8 10
235 187 7 10
198 159 8 9
217 157 6 8
267 203 8 10
284 197 8 10
189 191 7 9
163 203 8 10
273 60 6 8
434 56 6 7
471 80 6 9
485 110 6 8
464 108 6 9
442 96 6 8
373 34 6 9
354 79 5 7
411 104 7 8
386 106 7 9
445 127 6 8
423 126 7 10
403 134 7 10
359 117 6 8
452 143 6 9
488 133 6 9
466 143 7 8
433 147 9 9
366 140 6 8
385 142 6 8
852 401 7 10
326 116 7 9
329 151 6 8
393 163 7 7
372 170 7 9
344 174 7 9
417 155 7 8
426 175 8 9
401 194 7 8
375 230 7 10
495 162 8 9
461 170 6 8
512 186 7 10
474 197 6 7
514 212 7 9
485 218 7 7
463 223 6 9
445 209 7 8
499 15 5 6
586 23 5 7
508 96 6 9
563 94 7 8
527 38 4 7
703 28 5 8
749 16 5 7
721 11 6 8
666 13 5 7
677 25 6 7
655 24 5 8
641 9 7 9
628 16 6 8
606 9 6 8
618 56 6 7
623 96 5 8
602 115 7 8
668 112 6 7
746 114 6 8
706 117 6 9
683 93 7 8
648 139 7 8
778 126 7 10
767 139 7 10
726 134 8 10
687 138 7 9
740 96 8 9
711 54 7 7
969 88 6 10
909 55 6 8
853 55 6 8
879 159 7 10
842 152 7 10
810 150 7 10
941 104 7 10
957 119 6 9
911 85 7 9
865 98 7 9
852 78 7 9
778 50 6 9
785 69 6 8
789 93 7 8
910 128 7 8
880 130 7 9
905 99 7 9
847 120 7 9
814 120 7 9
947 150 7 10
943 170 7 9
916 170 7 10
845 186 8 10
812 183 8 9
778 174 7 10
597 147 6 9
575 120 7 8
554 132 7 9
533 128 6 8
510 128 7 9
545 153 7 9
575 173 8 10
548 205 8 10
582 200 7 10
544 182 7 8
655 191 8 10
637 155 8 9
730 202 7 10
706 170 6 8
675 168 6 9
698 192 6 8
680 254 9 11
705 265 10 10
738 175 6 8
758 212 7 9
788 208 8 11
814 220 8 11
831 231 7 12
841 245 7 11
843 261 8 11
963 189 7 10
878 196 7 9
586 342 8 12
516 325 8 11
460 305 8 11
723 284 8 10
567 253 8 11
1014 110 6 8
1018 95 6 9
976 110 6 9
1012 171 7 9
1005 143 7 10
974 154 7 9
1003 126 6 8
994 193 7 9
1015 207 7 10
896 204 6 8
919 215 7 10
936 228 7 9
963 269 7 10
944 247 8 10
991 312 8 11
1008 288 8 10
765 383 9 10
655 359 9 11
980 633 10 13
997 573 4 11
1006 625 8 14
329 298 9 10
604 176 7 8
982 362 2 11
1015 528 7 12
825 107 7 10
910 122 6 10
510 74 7 9
560 70 7 7
323 183 7 9
122 162 4 6
692 10 7 6
