787 392 15 19
838 390 13 19
878 389 14 19
930 388 15 19
974 397 13 16
931 368 11 16
745 391 14 16
698 392 13 17
652 389 15 19
602 389 13 17
670 454 16 20
574 360 13 17
617 358 13 16
663 359 13 18
706 358 14 16
752 359 16 17
794 360 13 16
835 358 14 19
883 360 13 17
923 338 12 18
881 333 13 15
839 330 13 16
793 331 12 15
751 335 12 15
715 330 13 16
675 333 12 15
631 333 12 14
589 331 10 16
602 305 10 15
640 308 13 15
680 307 12 16
718 308 13 16
759 309 12 16
799 310 12 15
838 313 13 16
877 316 11 16
576 284 9 13
613 284 12 13
652 287 10 13
686 287 13 15
725 285 12 16
760 287 12 16
798 285 13 16
838 286 13 16
872 298 11 13
846 264 10 15
800 269 12 13
767 271 10 12
735 267 10 15
699 268 11 14
662 267 12 16
629 270 11 15
593 267 13 16
569 249 12 12
606 248 11 14
636 250 11 13
669 250 12 15
808 249 10 13
839 249 10 13
772 250 12 13
706 249 9 13
739 249 12 12
687 235 9 13
718 238 10 13
627 220 9 12
618 232 12 13
584 234 9 13
576 203 9 12
593 221 10 12
606 203 9 12
590 188 10 12
620 185 9 12
653 188 9 14
684 186 9 13
667 201 10 16
636 204 9 12
660 219 10 13
651 238 10 10
691 220 9 13
718 215 9 13
746 229 9 16
779 230 9 12
811 230 9 13
783 216 9 10
791 209 8 10
756 200 9 10
752 217 10 12
728 201 9 13
701 202 10 12
437 359 16 19
455 392 15 16
505 388 12 19
552 391 14 17
527 357 13 18
484 357 12 17
456 331 13 16
500 330 12 14
545 332 12 17
563 305 12 16
483 306 11 14
494 285 12 15
537 285 11 16
521 307 14 13
389 359 15 18
407 387 13 17
356 391 16 19
309 391 12 14
302 357 13 17
330 328 10 16
412 331 14 19
288 329 12 16
369 332 12 15
442 302 11 15
461 285 11 14
482 271 11 13
443 268 11 13
423 284 11 16
386 284 12 15
361 305 11 16
320 303 13 15
283 305 13 15
276 286 11 15
305 267 10 14
312 286 11 13
350 284 11 15
406 264 12 15
432 246 11 14
453 237 10 10
467 248 10 13
504 250 10 12
537 251 10 12
550 234 8 13
563 218 9 12
419 233 12 13
328 247 10 13
342 267 10 13
372 265 11 16
362 249 8 12
397 249 10 12
382 231 10 13
347 230 11 15
310 233 11 13
293 248 10 13
282 233 11 12
275 214 8 10
281 186 7 11
295 200 10 12
303 216 10 13
327 199 9 11
334 215 10 13
310 185 9 11
359 205 9 13
339 187 10 11
371 216 9 11
402 217 10 12
390 205 10 12
374 191 10 11
406 190 8 11
420 202 8 12
436 217 10 12
466 216 10 10
452 202 9 12
436 193 9 12
497 213 10 12
517 235 10 10
511 203 9 10
484 202 9 12
469 186 7 11
497 185 8 11
525 191 9 11
546 205 8 12
556 192 10 11
555 266 12 15
519 266 12 16
401 307 12 15
529 215 11 14
32 392 14 17
80 400 13 14
124 401 12 17
168 398 14 16
217 396 15 17
262 392 14 18
260 354 13 17
218 360 13 17
169 356 16 16
123 353 15 16
79 361 14 16
88 334 11 15
125 329 12 14
167 325 12 16
206 326 12 15
244 326 13 15
245 304 14 17
207 306 12 16
164 306 12 13
123 309 12 14
125 289 10 13
167 286 11 14
195 265 11 14
231 264 12 15
154 259 10 14
149 242 11 13
183 242 11 13
223 246 10 12
258 246 10 14
188 225 10 13
219 225 10 13
252 228 10 13
245 213 10 13
216 212 9 12
186 210 9 11
233 197 10 10
265 197 10 14
236 284 11 14
201 283 10 13
265 263 10 15
483 233 10 11
346 360 12 15
538 437 14 22
410 452 15 19
292 455 14 18
