664 115 38 44
822 120 35 36
854 131 20 26
155 97 29 42
268 113 25 37
335 90 29 37
479 142 42 53
414 115 24 33
0 131 12 30
935 116 7 8
989 157 8 9
923 160 7 9
903 114 7 7
968 117 12 11
951 74 6 9
985 80 7 9
975 93 7 7
876 104 6 9
877 72 6 7
917 71 7 9
961 137 6 7
992 137 5 6
896 137 6 9
757 135 5 8
722 131 6 8
736 110 4 7
774 111 8 9
744 68 8 11
737 85 8 9
780 89 5 9
784 66 8 9
702 91 7 9
710 71 7 7
717 12 7 7
749 13 7 8
787 13 7 8
924 35 7 9
966 38 5 7
933 19 7 7
549 28 8 7
575 56 8 11
582 2 7 7
522 5 7 9
577 30 6 7
367 26 8 9
500 13 7 8
620 8 6 8
101 46 6 6
113 57 5 6
99 80 6 7
131 75 7 8
134 46 5 7
54 94 6 8
60 71 6 8
73 98 7 8
161 73 6 9
150 57 7 8
165 34 9 11
92 21 5 6
147 16 7 8
171 12 8 9
250 18 6 8
275 6 6 8
25 19 8 9
96 2 8 7
47 3 6 7
890 34 7 9
819 17 6 8
