742 174 53 69
610 198 40 56
418 279 42 50
337 269 29 44
281 254 23 39
240 259 24 32
204 249 22 33
71 255 19 24
60 232 14 19
54 238 13 19
453 220 30 35
385 222 21 31
352 224 21 28
313 218 17 26
218 186 15 21
673 161 35 39
590 168 25 35
518 174 25 31
798 130 43 52
856 103 37 40
575 163 17 23
430 192 19 24
399 201 16 22
174 186 10 17
198 178 15 19
155 202 9 15
326 145 13 16
248 181 7 10
262 180 9 13
303 167 8 12
311 167 12 15
353 154 7 10
405 141 12 14
474 116 14 20
639 56 16 19
706 54 17 21
784 36 19 20
583 92 13 18
812 41 16 16
871 39 22 20
497 191 17 22
193 193 12 16
740 37 14 20
