252 503 11 14
210 417 10 10
49 427 11 10
155 370 11 11
117 336 10 7
62 323 10 11
140 210 6 9
217 176 6 7
249 265 8 8
295 249 8 9
333 270 8 8
359 255 8 8
341 323 9 9
241 329 9 8
299 378 11 9
492 178 5 7
511 214 5 8
439 275 7 8
503 283 8 8
554 265 7 8
451 322 10 10
610 281 8 9
693 284 9 9
721 305 9 9
681 308 8 9
587 326 10 11
767 228 4 8
780 185 6 8
994 244 5 8
520 367 9 10
497 402 9 9
466 432 11 13
614 436 10 10
601 409 11 11
614 372 10 8
665 392 9 10
685 352 10 10
709 371 12 9
707 409 12 10
796 360 10 9
783 386 10 11
853 429 12 11
774 447 10 11
919 485 12 16
441 549 12 16
549 519 12 13
575 570 13 14
