6 628 11 13
280 210 36 34
297 648 14 18
377 619 10 14
403 626 10 12
462 613 20 26
500 636 11 15
532 614 21 26
188 579 7 7
609 631 11 13
641 637 12 15
675 639 34 39
713 622 11 17
784 621 14 17
819 616 37 48
905 652 42 29
981 639 39 44
200 579 6 8
175 576 8 10
130 543 6 8
404 540 7 8
451 558 5 7
389 555 4 5
391 571 3 5
371 570 5 8
311 556 6 10
537 574 4 7
454 575 5 8
499 586 3 7
462 588 5 5
447 589 5 7
517 554 5 7
584 578 7 8
587 608 8 8
624 570 6 8
734 669 15 13
707 565 6 8
696 535 7 11
895 554 9 10
876 557 8 11
855 552 8 9
843 565 7 7
818 557 7 7
799 557 5 7
790 560 5 8
45 570 8 12
7 572 7 8
102 629 8 10
19 627 6 8
696 567 6 8
648 571 7 7
667 572 7 7
