80 303 21 19
136 315 22 26
158 328 19 20
192 317 19 18
213 344 18 18
179 394 22 21
253 388 19 19
291 320 18 19
330 325 17 17
329 391 18 17
390 387 19 16
373 328 15 18
413 320 16 18
478 316 18 20
443 324 14 19
448 415 20 29
510 427 19 25
572 424 20 25
566 339 17 20
525 319 14 18
508 336 12 14
542 324 16 16
571 309 16 18
591 317 15 18
610 317 17 20
640 312 15 18
632 426 21 28
656 375 11 11
659 337 16 17
686 334 12 14
708 336 16 15
715 377 19 20
749 344 15 14
769 337 14 13
786 353 16 17
758 395 17 18
797 405 18 15
836 328 21 22
896 337 22 24
