318 324 7 8
345 318 9 8
311 356 8 10
352 361 8 8
360 384 9 10
393 375 7 12
430 376 8 11
360 346 7 7
372 324 8 11
360 300 7 9
397 294 9 9
403 323 8 8
436 290 9 8
456 306 6 8
471 314 7 11
437 323 7 8
447 348 8 10
476 344 8 8
469 380 8 12
507 377 7 12
542 374 8 12
503 346 8 8
487 310 8 9
504 291 7 9
533 294 7 9
562 293 7 9
520 309 8 9
541 324 7 9
531 345 8 7
565 345 8 10
501 321 8 8
593 289 8 11
580 307 8 10
570 327 6 7
613 304 9 11
630 312 7 10
647 304 9 13
653 340 8 10
624 342 8 9
599 321 9 9
599 348 9 9
584 379 10 10
623 378 9 11
659 378 8 9
722 294 6 9
680 319 6 8
695 313 8 9
676 333 8 13
700 328 8 10
711 326 6 6
734 323 8 8
725 333 7 11
698 347 8 12
725 353 10 12
752 328 8 13
762 315 7 11
772 304 7 9
801 301 7 10
791 320 8 9
779 325 8 11
800 327 9 11
799 340 9 12
760 344 9 14
692 398 9 9
862 335 10 13
909 348 9 13
137 307 9 11
108 309 10 10
122 319 7 9
105 331 10 11
78 344 9 12
154 336 9 11
155 352 9 11
183 332 9 12
176 305 8 9
208 309 7 9
211 333 7 11
225 324 6 9
188 355 6 11
237 309 11 9
254 323 9 10
227 358 10 11
272 305 8 10
289 322 7 8
306 306 9 9
270 358 8 13
