0 283 5 9
14 288 8 8
39 288 9 9
60 280 4 8
68 287 8 9
86 274 7 8
90 289 9 11
127 280 11 14
16 338 35 34
26 301 12 15
33 307 20 20
60 313 16 17
107 304 15 16
123 325 21 24
135 304 10 14
137 320 15 20
158 306 12 15
171 351 21 21
178 290 10 12
196 295 13 14
209 299 13 14
203 319 11 16
212 316 21 25
257 356 36 16
246 309 21 27
289 302 13 13
340 356 35 16
361 324 13 16
303 285 6 9
271 279 9 14
343 305 11 12
357 296 10 10
369 303 8 11
355 306 13 13
370 326 10 12
408 292 9 10
412 334 19 26
423 310 11 16
438 305 10 14
463 301 14 17
466 342 23 27
488 304 10 13
488 326 18 25
502 297 10 11
516 314 12 19
529 301 9 11
577 309 12 15
580 328 19 21
542 354 25 18
555 294 7 9
619 342 19 26
659 317 14 25
633 311 9 11
670 312 14 20
700 308 10 13
687 302 6 6
723 354 39 18
764 340 17 24
784 329 15 16
762 326 9 11
804 350 21 22
845 325 17 24
796 293 5 6
843 300 5 6
861 307 6 6
889 323 7 9
899 323 5 8
895 313 7 9
920 310 9 11
956 315 8 11
938 337 28 30
976 346 18 19
977 321 11 11
980 310 11 8
748 303 6 8
999 305 7 8
1011 311 10 11
1011 323 11 12
