17 438 17 13
85 421 11 14
60 427 11 14
46 394 9 10
144 390 9 10
121 411 9 11
133 372 12 11
181 377 9 11
197 376 8 11
213 416 9 10
248 388 7 10
278 400 7 10
298 379 9 9
258 375 9 11
223 358 9 11
231 345 9 10
239 323 9 9
284 327 8 11
297 332 6 9
311 333 7 8
336 320 7 9
315 309 7 11
285 304 8 11
249 304 9 9
287 258 7 8
341 294 7 8
345 286 7 8
367 277 6 7
411 307 7 8
413 284 7 11
427 280 7 9
438 278 6 7
401 266 5 7
432 249 5 6
449 249 6 6
441 297 5 5
451 284 6 9
461 277 5 7
474 260 6 8
489 252 6 6
481 255 5 7
523 271 6 6
510 243 6 7
502 247 5 7
526 249 6 8
554 235 6 7
587 252 5 5
636 372 8 10
609 398 8 10
550 368 10 9
515 328 8 8
493 350 8 9
611 318 7 9
553 299 5 7
675 348 6 9
689 321 6 7
716 293 6 7
639 297 7 7
681 265 6 6
718 270 5 6
645 258 5 6
657 247 4 6
658 276 4 6
626 264 4 5
593 291 6 6
929 539 11 15
897 502 17 15
1006 559 10 15
997 592 16 17
994 648 12 16
896 563 9 13
859 470 9 12
797 426 9 11
862 437 8 8
893 452 10 11
998 436 9 13
989 480 11 15
863 398 7 11
919 407 10 12
970 360 6 9
902 340 5 5
910 327 6 8
892 322 6 9
878 331 6 8
859 314 8 9
865 376 8 10
896 373 7 9
909 365 8 10
983 341 7 9
962 321 9 10
988 321 8 8
948 301 6 7
915 308 7 9
931 290 8 9
942 282 6 5
895 298 7 7
863 294 6 8
868 285 5 6
855 277 8 9
963 382 12 13
123 335 14 16
584 350 8 10
112 400 11 11
89 397 10 11
982 514 13 12
1000 363 8 11
827 588 12 9
840 346 10 11
1007 319 7 10
999 302 6 10
983 296 9 11
979 262 8 9
914 287 9 11
990 427 7 11
1010 337 9 12
417 261 8 11
246 357 10 12
944 420 8 10
925 473 10 16
