190 362 34 45
294 321 13 14
265 315 13 14
248 310 15 16
275 299 15 16
210 315 17 16
176 301 16 16
160 294 14 13
260 267 12 13
213 283 16 16
432 364 15 18
465 372 17 20
407 357 15 18
385 341 15 17
462 339 15 18
483 335 12 18
457 316 13 15
437 311 14 16
421 313 14 18
403 331 13 15
401 295 13 14
349 346 14 16
313 329 15 19
347 313 13 15
374 323 15 17
367 312 12 14
346 297 12 14
466 297 13 16
631 268 13 13
628 305 13 13
616 324 15 16
606 314 14 15
589 315 14 15
582 294 15 19
562 282 13 13
554 298 12 17
572 332 14 17
552 325 14 15
536 325 16 17
531 312 12 14
545 279 12 14
602 352 14 14
617 361 14 21
627 374 19 21
574 359 14 15
563 372 18 19
546 344 15 20
525 361 16 19
493 303 15 17
505 316 15 18
510 345 15 17
495 359 16 16
632 328 12 14
501 386 15 18
528 406 14 18
581 391 16 20
592 383 16 17
604 408 16 21
755 273 14 15
772 291 12 14
764 302 14 17
781 299 15 17
793 306 15 18
774 314 15 18
781 335 16 22
766 341 18 22
751 324 16 19
735 336 15 16
732 304 14 17
723 287 12 16
705 302 15 15
705 337 14 14
741 371 16 18
706 358 16 19
683 347 16 18
643 279 14 15
660 282 14 16
653 301 16 19
671 321 15 16
682 313 14 16
781 383 16 19
649 344 14 15
640 345 12 16
657 366 15 20
698 383 16 20
669 394 17 15
810 271 12 10
817 278 13 13
854 292 14 15
835 290 14 15
888 309 13 14
900 297 10 17
887 326 14 17
834 323 16 18
820 336 15 16
826 302 12 13
867 339 13 13
1004 273 14 16
1003 298 13 14
963 314 12 13
950 330 15 16
916 324 14 16
901 343 16 16
990 329 14 14
972 352 13 15
958 361 15 16
938 356 12 14
928 365 15 16
906 375 18 19
866 383 16 18
873 355 16 18
888 350 14 17
851 350 15 19
838 375 18 21
821 395 17 20
759 393 17 21
715 400 18 22
658 412 19 24
802 360 16 20
812 349 14 18
989 194 9 10
614 298 11 18
646 295 11 14
688 300 11 14
934 299 11 13
884 291 15 16
131 277 17 18
192 290 11 15
376 286 14 18
10 111 9 10
