345 211 4 4
331 126 3 3
250 126 3 4
221 128 4 5
427 116 3 4
393 79 3 4
373 119 3 4
90 225 6 5
128 237 5 8
170 230 5 6
114 285 5 7
81 304 9 9
44 303 10 8
7 264 6 8
31 231 5 6
26 192 6 8
66 196 4 6
74 175 5 5
113 168 4 5
129 165 4 5
158 162 4 4
174 156 5 6
197 159 4 4
192 191 3 5
242 179 5 6
161 269 5 6
0 317 3 8
346 68 3 4
418 62 2 3
376 59 3 3
120 599 12 17
1008 256 6 10
853 131 4 5
878 131 5 5
900 138 4 6
922 142 5 5
936 139 5 6
959 134 5 7
984 141 5 5
1010 141 4 6
877 168 7 9
947 160 5 7
963 190 5 7
982 194 5 7
798 133 4 4
815 170 4 5
794 166 4 6
845 167 4 7
839 145 3 5
1003 164 5 7
921 227 7 8
881 215 5 6
836 209 6 8
801 204 6 8
875 257 6 8
932 270 6 7
1002 295 8 8
984 249 5 8
918 173 5 6
973 163 5 6
913 160 5 6
700 237 6 7
664 239 6 8
669 260 7 8
618 264 6 8
598 239 4 6
627 235 8 9
560 237 4 6
524 246 4 4
522 267 5 6
607 198 6 7
600 157 4 5
628 154 4 5
528 157 4 6
505 142 4 5
488 143 4 5
503 165 5 7
554 165 4 5
769 160 6 7
750 160 5 7
682 155 5 6
704 156 4 6
658 153 5 6
604 135 4 6
687 127 4 6
701 127 4 6
732 130 5 6
532 136 5 4
570 137 3 4
618 80 3 4
538 78 3 4
571 154 5 6
744 104 4 5
711 105 4 4
660 106 4 5
616 110 4 4
579 109 4 4
548 106 4 4
510 104 4 3
333 155 3 4
350 168 4 6
390 167 4 6
366 250 5 7
313 177 6 6
231 251 5 5
236 157 4 5
224 152 4 5
210 151 4 5
262 157 3 4
431 167 4 5
427 205 4 6
467 168 4 5
466 257 8 9
293 252 4 5
568 273 4 5
489 242 3 5
603 61 2 2
463 94 3 3
382 147 4 5
433 145 3 6
465 68 3 5
709 267 7 9
761 268 7 8
735 241 6 8
75 247 10 10
707 199 6 8
