311 131 8 9
299 143 10 11
284 150 9 13
273 163 10 11
260 173 10 13
345 151 7 10
370 161 9 12
408 150 9 12
398 173 7 11
422 192 9 10
384 205 9 12
414 214 10 13
351 183 10 14
329 171 8 13
309 203 10 12
333 217 10 15
362 230 13 16
398 244 13 15
339 265 14 15
312 249 13 15
284 234 12 14
246 183 11 13
233 198 12 16
202 220 14 16
172 256 14 18
252 267 14 18
288 289 12 19
723 214 11 12
705 230 10 16
674 247 12 16
764 230 12 14
780 221 11 15
746 251 12 16
577 268 12 16
647 265 12 18
615 295 14 17
584 314 15 18
650 316 14 19
688 293 15 21
555 376 17 24
612 382 16 20
662 379 19 21
692 352 16 19
715 270 12 19
785 273 14 17
769 293 14 18
727 311 16 19
833 299 14 16
805 322 15 19
766 350 15 18
727 381 18 23
784 380 18 22
845 371 19 24
855 354 17 22
731 181 9 11
773 126 9 13
780 138 10 13
789 149 11 12
804 156 9 14
824 178 11 16
833 202 14 16
802 252 13 15
848 225 13 15
872 246 14 15
893 266 12 17
912 290 14 19
905 384 17 21
623 347 15 18
317 305 15 18
352 343 14 19
307 370 17 24
257 346 15 15
226 317 13 19
248 370 19 20
196 374 16 19
152 382 18 20
139 275 15 17
114 299 16 21
90 322 18 27
436 164 8 13
463 147 9 12
490 163 8 11
522 146 8 11
512 172 9 11
486 190 10 13
457 174 8 12
449 203 10 11
476 215 10 11
505 202 11 13
542 187 10 13
541 208 10 14
505 233 10 14
442 233 13 18
466 250 12 16
501 264 12 16
538 252 12 17
423 268 12 16
370 290 11 18
405 309 15 19
370 369 16 21
452 341 16 20
428 373 19 23
494 366 16 24
571 151 9 10
550 167 8 10
569 173 11 10
599 166 9 10
629 154 9 10
659 165 8 10
628 178 9 12
654 189 9 12
630 199 11 14
599 189 10 12
567 200 10 14
569 234 11 13
606 210 10 13
606 242 13 17
641 235 11 13
665 210 10 15
458 290 14 16
502 313 13 21
541 296 14 17
539 346 14 20
678 155 8 10
717 154 10 13
739 161 9 13
705 167 9 11
683 182 8 11
713 192 10 12
690 200 11 14
758 189 9 14
745 204 10 11
