82 275 19 25
74 269 19 29
17 292 20 27
10 284 13 15
5 265 4 9
48 273 4 7
55 283 5 6
139 248 31 36
113 250 6 8
180 213 40 45
127 252 21 29
260 177 17 24
278 165 17 25
313 171 47 56
388 170 8 20
436 171 8 19
464 183 7 13
482 181 8 13
504 167 10 13
473 178 6 9
515 223 14 14
516 245 23 25
554 147 10 11
524 175 7 8
568 148 10 15
572 93 55 65
661 151 7 7
643 156 6 7
684 158 5 7
691 153 5 9
698 153 4 7
705 153 7 10
744 151 9 9
753 141 5 8
762 140 7 10
769 136 4 6
752 270 24 25
786 132 5 6
843 195 43 44
790 131 4 7
799 128 8 10
835 133 6 7
826 146 8 10
842 127 4 7
849 125 5 8
879 113 5 8
893 107 7 11
907 109 8 14
928 99 5 10
937 92 14 16
968 88 8 11
960 97 6 6
993 71 10 15
1014 67 9 11
1000 81 6 7
1010 133 8 10
1001 140 8 9
525 189 7 9
402 190 9 13
1009 98 7 13
770 148 6 8
719 146 7 7
823 126 8 9
975 270 22 20
