2 349 9 12
53 334 11 12
35 377 11 14
109 373 13 15
137 360 12 15
164 389 7 9
131 373 7 8
235 364 11 15
294 352 8 13
320 357 6 9
327 358 8 11
290 383 9 14
359 362 8 9
393 361 9 12
406 327 6 8
429 321 7 10
426 361 10 13
463 357 10 15
509 368 10 14
515 393 5 11
483 337 5 6
496 332 8 10
531 324 9 9
542 320 7 9
563 326 6 8
578 322 9 12
561 370 12 14
610 371 12 14
635 327 10 12
652 376 7 14
742 334 5 10
777 339 6 8
796 353 9 11
792 355 5 8
792 372 7 19
826 342 6 8
866 335 6 11
862 354 8 12
864 386 6 15
956 393 15 22
710 336 11 12
