30 432 29 44
24 298 13 17
2 328 9 14
34 337 14 17
59 336 15 19
12 362 28 35
0 394 19 30
21 399 38 39
0 460 13 64
62 367 10 17
74 371 14 21
78 370 26 27
127 342 12 13
155 328 8 8
174 333 16 22
163 346 14 19
159 366 16 19
128 381 31 38
149 409 34 39
82 458 57 52
67 481 25 28
147 481 53 59
0 554 64 52
16 520 58 59
95 588 75 99
250 579 52 57
225 415 24 33
276 374 24 27
186 360 18 21
211 312 16 18
219 356 12 15
248 325 12 14
234 331 12 14
246 344 11 16
259 332 9 11
213 375 17 16
240 367 20 24
217 416 22 31
258 353 13 21
249 308 10 7
278 319 13 15
319 323 13 17
289 336 11 12
291 357 14 18
299 353 23 26
317 380 20 26
313 403 37 48
293 432 23 31
318 355 14 20
336 369 25 27
351 352 13 17
371 323 17 23
400 324 28 35
428 307 12 16
320 459 48 65
368 448 45 70
445 369 33 35
451 396 31 44
451 523 65 85
534 435 20 30
551 424 36 47
563 428 38 51
608 488 48 68
663 605 67 82
443 349 15 14
467 349 17 23
462 333 10 12
460 318 11 12
475 301 11 15
479 311 19 24
502 322 13 20
502 345 16 20
501 360 16 20
510 372 23 29
522 338 17 20
523 351 14 18
531 362 25 29
532 304 12 11
535 321 12 12
574 309 11 15
583 317 13 16
567 330 15 20
575 338 17 21
584 345 23 30
628 363 23 31
658 392 32 37
671 361 26 33
714 409 34 42
745 355 23 30
624 334 24 29
631 311 16 18
661 314 15 16
703 290 12 18
709 305 13 21
743 315 21 27
725 479 56 71
819 506 59 82
869 581 113 104
779 417 35 47
982 465 42 71
977 422 42 56
904 377 27 37
933 408 43 49
918 400 33 46
735 300 16 18
743 273 13 18
808 265 13 16
786 305 12 15
793 316 15 22
805 319 13 20
818 324 22 23
771 359 25 27
785 345 22 24
807 356 20 24
860 378 26 41
854 327 22 29
867 341 21 27
895 350 24 25
959 348 28 30
1000 364 24 37
908 310 14 17
913 329 16 20
911 271 8 11
920 277 11 14
933 271 16 17
930 291 13 17
932 298 23 29
966 296 13 20
1011 320 13 27
993 312 20 23
977 295 16 19
984 284 15 15
873 271 8 9
855 283 8 9
1016 272 8 13
991 277 13 11
201 326 13 17
559 309 12 18
664 305 14 21
708 272 10 13
863 284 16 18
377 310 14 16
