876 447 30 48
795 486 16 26
697 484 25 44
998 445 9 16
977 436 12 18
988 416 11 14
806 400 9 13
671 472 10 14
649 416 12 16
653 399 11 15
754 400 11 16
791 384 10 12
868 449 12 15
657 448 11 14
969 336 11 13
901 338 11 13
914 322 12 14
966 303 10 12
966 288 10 11
998 279 13 17
825 341 11 16
778 335 10 15
727 352 14 14
757 388 10 12
665 333 11 15
685 324 12 16
750 281 12 14
791 301 12 12
803 319 9 13
829 301 10 15
848 281 11 15
810 276 11 15
862 213 12 13
897 212 11 14
940 217 12 15
981 214 12 16
1009 178 11 12
983 137 11 13
833 177 12 14
783 225 11 15
677 264 10 13
705 190 12 16
744 196 9 14
723 165 10 11
679 155 12 15
879 136 8 15
957 161 9 11
931 249 7 11
966 249 9 13
743 266 12 14
717 248 11 15
892 70 10 13
931 72 10 12
916 48 11 13
938 29 10 16
983 0 10 10
869 31 9 13
770 122 12 15
838 132 10 13
808 133 10 12
822 107 10 14
777 90 11 14
942 134 10 15
932 120 12 16
968 121 11 11
785 184 11 15
660 175 9 12
608 174 11 10
658 221 13 13
624 226 11 14
632 290 9 11
646 289 9 16
663 122 10 11
694 122 10 14
735 123 11 14
840 86 8 12
808 88 12 11
655 67 11 13
685 66 10 15
715 66 11 17
617 119 8 12
638 101 9 13
637 65 10 13
647 13 10 12
659 9 10 12
834 0 10 10
874 0 8 11
908 0 9 10
921 283 12 13
642 152 9 13
636 134 11 13
454 38 11 14
507 26 11 10
472 26 11 13
540 67 10 14
546 41 11 13
577 26 10 14
616 9 7 10
503 6 10 12
543 26 9 11
596 62 10 14
577 114 11 12
575 132 10 13
587 157 11 12
568 171 11 11
555 177 12 13
548 153 10 12
501 137 9 13
494 113 10 14
469 131 11 13
386 98 11 14
384 78 9 13
420 43 10 14
401 5 8 15
515 171 12 14
434 11 7 15
452 9 9 12
355 25 10 14
327 28 9 13
361 84 7 13
285 114 10 13
287 152 7 9
312 167 7 14
380 255 8 14
440 259 7 15
609 77 9 14
355 0 10 13
589 0 8 5
140 149 10 13
177 151 6 12
177 151 10 14
227 139 11 16
244 124 9 12
263 146 9 13
263 146 10 12
242 219 11 13
241 241 12 14
142 179 9 13
183 181 11 12
47 134 12 13
99 146 10 12
99 146 10 15
117 214 10 13
155 218 12 13
168 230 11 15
217 258 13 12
200 218 10 14
211 240 11 14
263 253 10 15
261 79 11 15
222 77 10 12
183 76 10 11
188 87 6 5
147 76 9 13
128 37 10 14
141 49 10 15
179 52 10 13
209 41 11 14
249 36 11 15
237 17 11 15
195 16 10 15
188 12 9 13
167 32 11 13
157 15 10 11
130 12 11 11
76 14 9 10
111 3 9 10
94 53 12 12
73 83 12 15
58 56 10 11
66 66 10 15
27 72 10 14
20 55 9 14
48 32 10 14
43 9 11 15
40 112 10 15
0 106 9 14
16 140 11 14
88 215 11 13
94 179 10 15
125 232 10 15
38 228 11 12
23 219 12 14
77 241 7 10
78 246 10 13
0 22 8 11
31 0 9 8
0 164 7 12
561 468 25 34
608 396 12 14
568 336 11 15
638 337 10 13
650 319 12 16
602 323 8 12
616 378 14 18
568 380 13 16
464 486 25 33
383 480 23 33
311 477 21 32
219 479 21 31
177 492 19 30
390 415 12 14
414 432 12 19
437 420 9 14
495 317 10 14
349 352 10 14
361 319 11 13
417 323 9 12
332 452 12 15
340 468 12 16
267 480 12 17
277 436 12 16
244 447 12 15
169 464 14 16
141 488 14 17
160 380 10 14
139 387 10 16
203 378 12 15
237 339 13 17
266 332 12 14
253 381 12 16
274 408 13 16
230 424 13 16
312 416 12 17
349 414 12 14
195 417 9 16
220 327 12 16
214 311 11 16
254 315 12 14
237 298 11 16
166 312 12 16
283 286 13 17
272 269 12 16
177 260 10 16
144 269 12 14
150 288 12 16
138 367 11 14
516 320 10 16
600 295 10 12
611 341 10 13
327 322 10 13
311 336 11 17
108 315 12 13
73 313 11 15
29 312 12 13
25 325 13 20
42 347 12 18
121 337 10 13
90 337 9 12
55 403 13 15
125 460 11 19
101 417 11 13
61 460 12 18
49 490 12 14
16 502 17 23
0 264 5 12
1010 340 12 16
1018 142 6 13
1019 64 5 12
417 98 10 13
472 79 10 14
509 78 7 12
556 61 8 10
338 432 13 16
838 320 11 13
886 317 9 11
934 304 7 15
323 14 9 12
392 42 9 10
618 68 9 9
595 175 11 13
219 470 11 16
91 505 17 23
89 34 7 12
21 85 9 15
994 182 9 11
1007 154 9 14
895 139 11 11
410 349 11 14
456 321 12 16
608 488 18 25
880 279 12 17
880 47 12 16
