270 187 45 73
338 206 35 48
435 272 32 35
420 287 30 33
511 162 34 40
591 98 30 36
715 83 25 28
461 497 16 23
641 457 11 15
809 441 13 16
822 435 12 16
883 427 14 18
905 414 7 10
913 412 6 12
748 448 13 20
737 454 10 18
685 450 14 20
703 448 10 13
822 466 15 22
840 426 10 15
339 476 16 25
297 515 15 16
641 574 43 71
909 545 42 90
975 522 49 118
929 437 6 10
940 432 5 8
937 410 12 11
950 423 15 20
966 404 11 13
986 410 9 8
1002 401 7 9
992 394 6 6
1016 404 5 8
969 472 35 72
693 0 20 13
832 437 11 16
