312 450 14 14
410 424 14 12
500 422 13 14
800 391 10 11
715 389 8 10
640 389 9 8
570 388 11 10
524 370 10 11
507 373 10 9
654 378 9 10
581 366 12 11
731 370 8 9
344 370 10 9
323 363 9 11
292 367 9 11
253 355 9 9
228 361 9 8
180 352 10 10
154 358 9 10
120 343 9 11
87 358 8 11
871 395 10 8
861 389 9 7
312 416 10 11
457 394 9 12
404 365 10 10
449 362 8 8
382 362 8 9
845 304 6 5
798 301 5 6
754 292 6 7
744 300 5 5
703 298 8 7
716 290 6 5
662 296 5 6
576 299 8 6
358 284 6 7
415 284 5 5
462 283 6 6
510 286 5 6
544 292 8 6
424 280 5 6
473 277 6 5
514 281 5 6
624 288 7 8
