330 403 68 86
190 350 55 69
92 513 61 76
104 390 32 38
63 317 30 38
100 281 31 40
46 289 24 28
350 333 34 38
308 329 23 29
283 294 24 30
208 301 25 31
189 266 24 30
254 271 21 30
314 268 19 23
327 291 18 22
239 290 14 20
352 275 22 25
383 313 25 33
423 239 22 29
385 249 18 24
357 253 11 13
34 268 17 26
416 257 12 15
485 239 14 15
462 238 13 15
508 245 18 16
531 244 8 7
542 239 24 34
567 262 28 39
496 266 28 42
479 262 23 36
545 308 31 29
615 238 14 21
626 246 29 39
662 264 33 45
703 241 11 16
748 230 13 15
740 252 19 26
757 261 23 35
728 300 37 47
780 258 35 50
817 246 25 31
796 278 48 51
642 527 73 102
853 499 85 131
848 244 37 54
922 265 26 30
984 234 11 22
975 250 7 10
990 231 15 29
996 272 20 36
777 349 62 84
671 418 40 51
724 381 38 48
552 505 55 55
495 351 18 47
424 363 30 33
23 414 55 58
0 353 22 56
162 268 17 24
