492 776 46 55
682 758 50 59
953 771 65 61
848 787 58 63
930 736 25 32
960 701 24 32
898 730 24 29
994 700 17 32
851 652 22 31
872 624 21 32
927 616 23 31
790 702 24 30
767 743 24 33
569 755 24 30
609 689 23 29
638 673 24 29
759 651 24 28
807 634 22 31
557 632 23 30
695 644 22 27
993 524 20 28
970 478 21 29
832 526 21 32
1007 452 16 30
906 437 22 29
861 470 21 29
775 497 22 31
670 508 22 31
719 453 21 29
742 427 21 26
836 445 20 25
655 477 28 30
662 439 24 31
965 392 23 29
884 409 23 23
634 387 23 26
681 365 21 28
993 369 21 28
873 383 20 24
767 354 20 27
737 335 19 25
613 365 24 29
565 333 18 26
680 310 16 25
810 309 21 27
872 323 14 23
889 352 14 25
934 328 14 25
976 353 16 22
991 345 19 25
825 355 18 27
625 335 21 24
646 271 17 25
566 276 20 22
606 267 17 27
687 269 19 25
720 295 20 28
854 292 20 25
793 277 18 28
830 240 21 29
894 238 19 25
981 270 19 24
1011 235 13 24
522 431 20 30
520 349 18 28
487 326 21 29
897 199 17 22
961 199 19 21
905 159 20 25
958 234 17 20
971 160 19 26
993 105 21 28
952 24 18 24
908 63 17 26
872 108 16 24
838 197 19 26
823 166 18 26
777 200 18 27
710 229 21 24
749 166 20 26
781 126 20 21
739 135 22 26
663 153 18 24
637 238 21 24
599 159 19 27
615 131 19 27
757 105 19 26
807 122 19 25
675 134 21 26
695 85 21 26
630 94 18 23
666 47 15 24
834 47 20 25
702 21 18 26
721 44 18 27
787 20 19 26
848 15 16 22
879 5 18 23
909 0 16 12
212 884 22 31
80 892 26 32
175 830 23 30
133 796 21 26
252 811 23 25
66 835 25 30
44 894 23 29
38 779 23 37
61 747 20 29
140 875 23 31
408 798 23 31
330 836 20 32
383 645 21 25
310 644 23 27
230 635 24 32
35 689 25 30
169 715 24 25
176 600 25 30
73 647 18 28
84 618 20 24
55 581 21 27
257 572 17 27
275 548 20 25
123 594 16 25
187 578 17 26
107 536 20 27
169 538 18 25
148 667 19 32
463 478 28 35
411 455 22 29
364 541 21 28
358 514 23 27
250 485 18 27
169 469 22 29
110 510 19 23
30 503 19 28
68 446 22 29
13 455 22 23
123 452 20 21
190 427 23 31
258 438 21 30
331 471 23 31
328 426 19 27
405 426 26 25
300 397 21 29
411 389 18 24
227 392 22 27
148 416 22 29
282 366 21 29
346 392 17 23
353 407 15 25
413 350 24 27
296 334 21 28
221 337 22 27
144 346 20 26
12 293 23 25
270 280 20 26
421 284 19 25
338 250 21 25
500 286 18 26
358 329 18 31
527 177 22 25
493 154 20 25
463 183 19 25
411 166 18 22
333 157 19 25
295 229 17 24
546 129 19 26
530 263 22 27
481 111 17 22
463 103 17 24
405 86 18 27
562 107 20 24
601 55 17 25
622 5 18 21
542 36 21 26
504 35 19 25
463 38 16 23
425 25 19 24
254 71 20 26
193 119 18 27
213 97 19 26
192 91 20 27
206 54 17 23
320 3 19 25
511 78 19 25
574 225 20 27
458 249 17 19
533 0 22 19
150 172 19 27
84 190 21 29
1 246 20 22
8 180 16 26
110 126 18 24
110 58 16 22
48 74 19 25
56 8 17 23
141 43 20 23
192 1 18 22
226 294 17 20
494 411 23 27
348 709 22 26
784 411 18 24
929 385 14 21
929 263 15 21
319 84 17 20
193 39 21 22
97 178 19 24
250 754 21 24
568 460 23 26
0 734 11 25
20 155 23 27
