54 540 39 37
143 508 43 48
172 497 30 50
251 464 40 49
188 430 26 48
107 426 40 44
71 467 35 50
46 429 41 40
291 469 31 43
251 398 38 50
273 361 40 51
231 539 38 33
320 540 42 36
333 432 34 42
353 433 46 60
415 422 39 52
510 415 41 48
442 386 37 39
551 392 37 36
368 382 31 39
398 429 32 37
391 344 38 47
460 326 43 44
631 477 37 42
693 477 45 57
766 493 40 58
733 552 39 25
928 495 34 45
821 507 35 44
836 472 35 45
868 397 40 49
920 378 37 48
955 504 38 48
977 556 42 21
989 479 35 41
956 286 32 29
983 242 32 37
905 267 28 24
925 288 31 36
857 295 32 32
876 275 31 28
911 227 30 36
944 208 28 29
966 190 26 31
993 205 27 28
981 148 28 38
913 148 27 36
992 134 24 22
924 125 25 24
969 91 26 33
994 80 25 28
933 68 24 36
897 101 19 24
927 51 15 19
944 7 16 19
888 33 15 12
846 17 14 17
848 37 16 12
878 45 18 15
872 71 23 19
899 72 15 18
853 49 19 25
825 56 23 24
819 21 12 20
794 19 18 24
757 28 19 24
776 28 9 14
767 8 14 15
839 75 26 29
806 54 15 21
770 51 20 19
791 63 23 28
773 86 24 25
763 81 20 23
876 97 25 33
816 87 21 26
765 115 26 28
794 118 24 27
806 143 30 30
838 156 27 30
863 133 25 31
883 176 32 30
815 185 24 27
848 206 28 28
846 239 31 35
772 185 26 39
757 237 27 29
757 274 36 38
793 276 35 26
809 300 37 36
795 375 32 31
756 335 30 38
711 172 30 37
744 161 24 31
1002 370 21 37
975 437 33 39
691 296 32 31
696 337 33 40
694 241 31 31
694 203 33 33
672 435 37 42
624 411 29 44
626 290 35 44
568 301 30 43
593 372 37 37
518 257 33 39
475 276 26 23
666 188 26 25
625 174 22 30
654 137 29 32
678 136 22 32
706 139 25 26
728 85 21 30
746 89 11 25
730 60 22 28
656 51 22 27
702 24 17 25
611 75 24 29
619 110 26 32
640 27 20 21
659 16 16 17
616 34 21 20
575 59 20 29
570 85 18 26
545 92 29 21
569 27 19 23
622 2 9 10
658 0 19 13
673 5 12 15
684 7 15 17
699 0 19 19
728 4 18 26
537 74 15 22
524 61 17 21
552 41 15 27
537 8 19 15
661 357 32 31
401 303 28 25
395 258 28 26
330 281 33 35
352 319 22 43
282 292 35 46
258 258 31 42
222 302 33 50
204 259 33 38
206 226 25 33
226 220 15 28
238 217 15 25
268 204 29 29
309 200 33 41
380 187 30 38
335 168 29 30
252 164 26 30
500 93 24 29
464 77 13 30
477 37 23 30
491 24 18 20
496 50 17 21
445 45 22 20
421 47 20 29
403 55 22 19
416 95 21 31
443 108 22 20
400 78 22 19
371 109 28 26
365 133 28 29
395 128 22 23
355 75 20 28
346 50 22 28
335 98 18 29
269 93 26 35
264 135 27 36
320 44 19 23
366 39 17 28
410 24 17 24
346 21 19 21
260 77 26 17
285 16 18 22
305 11 17 23
381 4 20 22
359 9 16 22
354 0 16 11
230 40 22 24
242 6 16 19
268 0 17 9
186 13 17 26
158 6 16 24
200 49 17 17
210 62 15 20
231 85 16 17
184 58 20 35
233 23 14 17
182 46 19 17
163 69 25 33
146 45 20 23
119 34 20 22
114 55 19 21
121 9 19 20
81 35 18 20
81 11 17 18
132 84 25 27
147 99 25 29
194 97 27 32
218 93 20 31
37 9 20 27
33 0 21 8
49 51 26 30
30 61 17 15
21 81 18 29
183 121 22 31
201 200 31 34
162 191 31 27
139 135 20 25
83 188 29 31
54 222 25 29
100 241 23 25
70 239 29 44
49 258 28 35
102 300 28 29
167 289 35 46
135 313 33 40
53 302 31 39
168 388 34 37
152 342 35 40
125 376 36 44
88 381 37 37
60 351 33 40
21 325 36 37
16 371 21 41
563 0 19 14
507 8 18 18
523 0 18 13
774 149 23 26
456 15 13 14
364 261 32 33
0 85 18 27
5 8 18 20
