38 384 11 21
159 425 14 23
142 386 7 8
111 382 5 6
181 393 5 10
192 391 7 10
291 394 14 17
315 442 12 24
339 461 22 35
358 391 7 11
455 460 11 30
436 404 8 15
519 411 14 22
488 481 26 41
510 523 18 54
572 422 9 21
542 374 7 10
629 384 12 14
656 395 16 29
659 434 22 36
663 477 35 56
701 370 10 12
620 356 7 11
759 422 32 41
747 407 24 31
793 385 9 19
828 346 8 16
948 468 33 62
914 494 26 48
1001 420 23 36
961 389 15 30
902 404 16 29
877 344 7 15
911 356 7 11
974 345 7 14
992 354 12 16
814 398 11 19
243 420 8 16
342 390 7 10
696 354 6 9
634 362 6 9
310 394 10 11
234 404 7 11
220 395 7 9
