82 733 24 32
101 684 16 19
39 687 14 16
175 690 15 19
176 751 26 18
72 608 8 9
166 637 12 15
219 671 11 16
229 680 17 20
244 641 12 19
261 673 13 14
226 728 15 23
304 716 21 25
404 720 18 25
525 709 29 46
400 659 14 17
343 643 11 19
370 641 13 17
305 627 11 15
329 650 10 12
382 674 12 13
447 688 17 19
456 637 12 17
591 690 22 30
623 716 34 51
675 711 22 30
524 585 9 10
510 581 9 9
603 624 12 15
623 625 13 19
247 565 7 10
195 564 9 10
189 579 8 10
126 606 9 12
248 584 9 11
299 589 10 14
341 611 10 10
442 592 10 11
296 572 8 11
342 579 7 7
426 552 7 8
453 550 7 8
440 532 6 7
420 535 5 6
458 582 6 9
429 582 6 9
532 599 11 12
493 527 6 8
459 530 7 11
365 567 7 9
380 561 8 9
415 598 10 13
668 716 19 24
716 704 20 29
761 746 25 23
861 723 30 38
837 671 18 23
811 641 15 16
613 668 13 14
665 613 8 9
589 588 9 11
667 534 7 8
657 575 9 10
732 606 10 9
734 580 11 15
764 591 11 11
698 570 7 9
693 584 8 9
746 553 7 10
802 570 6 10
811 587 8 11
824 590 9 10
840 586 8 13
831 568 8 11
912 551 8 10
927 569 7 9
901 627 11 15
993 627 8 17
748 515 6 6
787 552 8 10
807 519 5 8
873 521 7 8
914 526 7 9
824 496 6 7
829 519 6 6
852 513 5 6
933 519 6 9
754 503 6 8
32 623 8 9
79 599 8 10
228 599 7 9
247 601 9 8
228 550 6 10
281 543 7 8
219 540 6 9
194 537 7 8
207 554 7 8
101 564 5 8
121 575 8 9
77 571 7 9
68 567 7 8
93 621 8 10
206 584 8 9
159 560 7 8
255 564 6 6
629 610 12 15
565 570 8 8
640 587 8 8
622 590 9 8
579 617 9 12
516 508 4 6
626 510 6 7
681 489 5 6
661 506 5 6
676 524 6 7
639 491 6 6
787 474 5 5
916 492 5 8
845 484 5 6
907 452 5 7
863 469 5 5
147 594 8 9
388 538 4 7
410 550 6 9
376 581 8 11
463 593 8 11
461 570 9 11
439 583 6 10
435 631 11 15
508 622 8 11
517 692 23 31
550 699 19 23
659 561 6 11
720 579 7 10
750 574 9 13
819 609 10 16
702 686 14 15
782 586 7 11
993 722 31 47
999 651 10 22
1004 638 16 17
981 591 11 14
858 608 10 12
448 608 7 11
352 533 6 9
318 543 6 9
258 594 7 8
