58 43 10 11
57 31 9 10
63 65 12 17
96 44 9 12
114 27 6 8
94 93 24 26
47 136 40 40
100 142 22 30
136 79 22 28
154 46 10 12
187 41 10 10
229 94 21 25
253 87 19 14
266 120 27 32
315 147 29 32
167 228 37 42
222 198 27 38
50 349 52 62
94 452 71 115
410 46 13 15
381 92 18 19
356 127 26 37
402 161 28 32
419 103 22 28
473 107 22 28
512 48 12 17
520 43 13 17
515 86 18 26
494 150 30 29
594 126 18 41
564 65 15 16
573 45 13 15
654 57 11 15
668 49 8 11
698 46 14 15
715 53 12 15
742 65 11 15
757 48 12 19
661 98 18 28
678 96 20 26
712 83 13 22
796 67 12 14
812 54 9 14
821 54 11 17
853 52 11 18
767 91 17 14
789 121 20 27
804 110 26 30
817 141 17 42
883 99 17 26
902 115 18 24
875 137 26 33
668 205 36 56
585 275 38 50
684 247 39 57
714 268 55 65
767 207 37 33
819 246 34 50
839 239 46 76
708 354 33 71
940 253 44 48
949 290 45 75
988 340 36 66
914 445 41 99
514 519 101 100
194 85 16 18
255 440 78 94
17 3 8 12
100 11 7 7
941 202 36 42
936 153 22 36
599 216 29 51
