6 144 20 21
114 125 22 30
247 104 21 24
346 113 18 24
455 79 22 24
572 71 20 27
671 90 22 29
769 75 19 25
839 99 19 28
192 303 17 25
199 365 20 24
308 360 21 24
324 297 18 26
64 360 22 28
391 359 19 25
441 293 19 25
467 355 20 23
553 353 20 27
568 275 19 26
720 347 21 26
745 273 23 31
907 337 18 29
974 264 23 32
608 386 15 27
661 372 22 28
32 434 22 27
127 438 21 29
215 433 22 30
305 437 22 30
264 487 22 36
221 582 25 32
341 619 24 31
17 629 17 34
97 656 20 27
100 540 22 34
452 531 19 32
418 493 18 31
559 579 18 30
441 427 20 28
564 426 22 27
