92 641 24 30
118 617 20 25
135 662 22 21
176 649 22 30
215 659 19 24
208 605 19 27
162 557 21 26
97 563 20 28
115 598 20 17
48 591 22 29
3 611 24 28
15 569 16 32
52 562 17 17
231 551 18 20
222 519 17 19
160 512 18 25
84 510 22 24
169 486 17 27
224 484 18 22
128 478 17 17
181 445 17 23
194 426 16 17
268 414 15 21
298 423 14 19
294 456 19 24
301 479 16 20
307 500 19 21
102 466 17 16
62 501 19 18
21 511 15 17
56 451 18 20
84 444 13 13
154 414 17 20
52 382 15 16
251 404 13 22
288 404 11 14
236 354 16 21
134 389 12 18
47 347 13 15
115 330 14 18
104 319 14 14
65 312 13 14
107 251 12 17
92 244 13 15
75 270 13 14
54 264 12 14
58 248 11 12
74 230 10 12
144 230 12 14
161 229 11 12
185 232 12 13
207 231 11 14
228 226 13 13
109 220 13 17
167 210 8 13
196 216 11 14
213 221 11 8
272 215 7 11
271 196 12 13
218 196 10 14
199 190 10 13
228 190 10 13
163 176 13 18
137 195 13 14
119 203 9 13
97 196 11 15
111 190 12 15
132 181 10 13
73 191 9 13
62 197 10 13
105 177 9 6
82 177 6 11
130 155 10 13
162 154 9 13
181 163 10 13
207 177 8 7
225 177 8 8
242 156 9 11
267 183 8 8
200 139 9 11
190 131 9 13
204 134 9 13
176 137 9 12
173 136 5 11
476 98 8 9
455 103 7 9
461 117 10 10
472 135 8 8
474 144 8 8
473 160 9 13
497 158 9 12
517 166 10 13
530 158 8 13
512 144 9 12
523 146 7 8
492 142 10 14
500 137 6 11
549 157 9 7
594 155 9 13
612 141 10 9
645 134 8 8
638 144 9 11
672 157 9 10
690 152 9 12
704 145 7 8
737 139 9 10
669 146 7 10
704 164 10 12
594 170 8 12
522 56 4 4
767 82 4 9
759 119 9 9
780 106 7 11
876 106 8 9
760 105 7 9
770 152 9 10
786 143 9 10
821 162 8 11
817 144 6 7
828 150 6 7
854 148 8 12
884 132 9 10
894 131 8 10
867 137 6 10
915 171 11 15
934 161 10 11
954 204 13 9
1001 204 11 12
1010 184 11 14
966 202 8 9
951 144 8 6
660 141 8 10
690 179 8 12
712 182 10 11
660 185 3 10
682 191 9 11
648 184 7 10
637 194 9 12
644 189 5 9
625 176 8 13
616 165 7 8
613 154 5 9
602 195 9 8
606 189 8 9
610 212 12 12
582 185 9 10
572 180 8 10
592 208 10 11
624 228 10 9
714 214 9 13
681 220 9 7
684 230 10 12
713 234 12 12
692 244 12 10
679 249 11 17
657 233 10 9
536 195 9 14
527 194 8 9
540 184 9 6
587 233 8 12
596 230 7 8
603 242 10 15
632 246 9 13
662 264 10 12
690 271 13 19
700 267 9 13
709 272 10 10
437 97 9 11
444 117 7 9
398 115 9 11
416 123 7 7
422 121 8 10
436 128 9 12
378 117 8 8
395 107 7 9
364 106 5 8
357 114 6 7
367 123 10 11
348 126 7 12
345 117 9 8
335 129 10 10
318 129 10 10
300 124 8 9
311 125 7 9
293 135 8 11
312 148 8 10
295 159 10 10
294 175 11 13
306 169 11 14
325 166 7 11
329 159 7 7
346 173 7 7
330 145 7 7
380 149 8 10
365 170 7 9
396 127 7 11
414 148 8 7
406 162 11 12
421 144 10 9
462 160 5 9
427 170 8 11
457 181 10 14
466 190 10 14
490 189 10 11
502 188 7 14
507 189 6 12
408 192 9 13
384 195 10 13
149 147 10 12
183 73 7 9
199 77 8 8
171 84 6 12
145 96 9 11
128 83 9 11
89 91 9 8
95 80 7 8
95 68 6 10
140 67 9 10
151 58 7 10
143 52 7 8
199 47 6 10
177 38 8 8
210 43 6 8
227 46 6 8
239 53 7 11
192 33 6 10
178 50 6 6
163 42 6 7
153 40 6 9
127 37 5 10
154 27 7 10
167 31 6 8
183 28 6 8
199 32 5 5
234 28 7 9
214 29 6 7
261 55 6 9
245 70 5 7
242 81 6 6
271 81 4 6
275 91 9 10
275 61 6 9
252 35 6 7
261 40 6 8
282 28 6 9
285 46 6 7
292 62 8 11
311 60 7 8
252 22 7 8
214 18 6 8
207 18 6 10
182 10 6 10
190 7 6 7
197 2 6 8
165 11 6 6
170 21 5 6
171 2 5 8
218 6 5 8
240 10 7 10
246 5 5 6
267 15 7 8
292 23 6 6
299 3 6 8
305 7 6 9
315 19 6 6
316 34 7 9
269 33 5 6
315 0 6 5
324 1 7 5
319 5 4 7
353 2 6 6
362 8 5 8
377 6 5 6
394 7 5 6
414 4 5 8
419 0 6 6
440 14 4 6
429 19 3 4
428 25 5 8
441 23 6 8
404 17 7 10
393 17 7 9
375 19 6 7
383 14 4 5
385 24 6 8
354 26 6 8
329 22 6 8
304 21 4 5
330 35 5 8
340 35 6 8
325 51 6 8
319 62 8 10
318 55 5 5
347 54 7 9
367 41 7 9
387 50 8 8
396 48 6 9
380 45 5 7
400 40 6 6
405 32 6 10
423 29 5 8
434 31 5 7
133 131 9 13
119 143 12 12
100 129 9 11
96 153 8 14
98 118 9 9
111 107 12 12
136 114 8 11
147 131 8 11
161 128 9 10
160 115 9 11
150 115 8 11
118 95 8 8
81 127 9 17
185 101 9 9
219 114 10 13
202 114 5 10
226 106 7 13
217 110 6 10
241 120 8 11
247 115 7 8
268 113 5 7
268 132 8 8
237 140 7 11
283 155 8 9
273 171 8 11
283 183 10 15
290 207 6 6
204 91 9 11
232 88 9 10
264 88 7 9
221 66 6 7
581 254 10 14
566 301 12 12
580 290 12 9
482 310 13 18
466 298 14 16
435 294 13 16
428 318 14 12
448 323 12 17
560 320 12 16
578 331 14 12
580 348 12 14
550 349 13 17
616 267 10 11
654 278 11 8
659 292 11 11
700 283 10 13
708 304 14 16
734 310 13 15
695 302 11 13
660 306 11 17
640 313 10 11
622 280 12 16
592 301 12 13
600 309 12 16
629 328 12 16
645 330 14 18
687 328 15 15
706 338 13 17
738 328 12 16
595 331 12 15
609 361 15 13
950 478 17 19
995 526 20 23
909 470 13 18
885 483 18 20
839 477 19 22
918 544 22 25
326 360 14 15
382 352 13 16
322 339 10 10
448 372 15 18
500 388 13 14
385 383 15 19
379 382 11 16
339 375 13 14
381 408 17 18
407 414 14 20
370 418 12 16
358 456 17 22
363 440 12 15
425 451 15 19
464 412 16 16
502 434 17 22
535 463 19 25
537 449 10 10
520 432 14 10
456 466 14 22
441 474 15 23
421 490 20 22
396 502 18 22
367 495 16 23
587 447 14 20
563 461 16 17
653 457 17 24
723 446 10 17
724 479 17 17
695 480 18 27
726 502 20 21
630 493 17 23
597 508 19 21
576 495 16 19
563 531 17 26
541 539 18 23
503 498 16 20
470 503 18 20
299 535 16 15
359 534 17 23
401 525 17 22
319 547 17 24
401 573 20 27
389 595 21 24
328 613 22 26
358 628 21 26
302 603 19 26
321 598 20 28
243 614 20 17
271 569 19 20
258 638 19 21
285 659 20 24
429 663 20 20
437 617 20 21
504 636 17 16
547 631 18 22
435 44 7 10
408 58 8 10
437 63 5 7
425 66 6 8
428 79 9 11
403 72 7 10
367 55 7 12
360 61 6 6
382 75 8 9
406 98 8 11
392 94 8 10
383 88 7 10
378 103 7 9
370 96 8 10
354 93 6 7
348 68 6 7
315 82 6 8
289 81 6 8
312 93 8 9
324 97 7 5
336 84 9 14
332 102 8 10
346 104 8 9
291 108 10 12
287 115 8 11
447 6 6 7
500 53 6 8
448 55 7 7
458 33 5 6
500 77 8 10
491 63 6 9
461 79 7 7
467 69 6 7
455 94 8 7
479 88 7 8
513 83 7 10
554 81 9 10
602 83 8 11
571 23 4 6
469 49 7 7
639 56 8 7
689 51 7 8
660 54 8 9
653 67 6 9
627 65 6 8
646 38 8 10
632 45 7 7
668 33 5 8
642 15 6 9
647 106 9 12
708 64 6 9
714 51 8 10
721 71 8 9
623 11 6 5
656 14 5 7
734 58 6 7
725 50 6 8
508 11 6 7
645 30 4 5
680 30 4 6
674 67 5 6
375 180 10 12
320 193 10 13
328 185 8 13
366 143 8 10
451 194 9 12
446 189 8 8
457 202 11 8
461 214 11 13
436 224 11 12
392 217 11 13
351 207 5 12
299 200 10 13
324 219 5 9
498 219 11 14
503 207 9 11
528 205 11 14
544 216 9 14
511 224 9 8
510 238 12 15
524 254 10 10
493 247 9 9
455 249 10 11
441 251 9 13
470 266 12 14
505 268 10 10
485 267 12 17
446 267 13 17
462 275 12 16
506 282 13 15
519 285 11 13
566 268 12 13
684 62 7 7
678 51 6 5
708 82 7 10
741 75 9 10
750 94 9 13
703 109 8 10
699 122 7 12
665 21 5 8
481 0 4 6
651 86 5 8
587 96 8 10
547 112 7 11
581 112 7 11
572 118 5 4
544 104 4 9
618 126 8 10
610 120 9 10
595 134 7 10
583 138 9 13
564 137 6 9
567 126 6 8
551 134 7 7
540 138 9 8
524 114 8 11
514 111 7 7
513 127 8 10
500 123 7 10
487 129 7 8
475 117 7 10
472 103 7 10
572 257 11 14
627 371 15 18
560 372 15 18
538 377 14 18
595 376 12 17
550 424 15 16
773 360 14 13
820 346 11 11
885 327 11 11
878 396 12 15
821 369 15 17
788 377 16 17
808 398 13 17
763 388 11 11
784 405 17 19
745 390 12 19
717 357 13 19
721 386 14 16
684 390 15 15
652 344 13 17
631 419 11 20
683 418 13 19
732 415 15 21
767 442 17 22
849 424 15 15
882 443 18 24
979 337 13 16
1018 324 6 21
950 305 10 14
1009 305 8 13
800 320 7 11
886 631 21 25
876 646 20 31
931 576 20 28
958 629 22 29
978 604 21 23
996 593 17 26
951 664 23 20
999 569 17 14
58 351 13 10
932 446 17 22
534 609 18 26
476 561 16 22
491 545 18 23
511 563 18 25
550 577 17 23
570 595 20 21
584 625 17 24
601 659 20 24
606 553 20 24
645 583 19 21
716 538 20 29
729 535 13 24
744 574 21 25
795 542 19 20
820 527 13 20
809 534 10 19
821 571 21 30
806 570 17 23
764 573 13 21
839 612 21 28
757 613 19 27
758 648 23 24
689 660 22 23
694 639 18 15
760 508 16 18
779 502 16 17
868 542 19 22
879 532 19 27
897 524 11 16
880 575 20 28
603 404 11 13
313 673 21 11
660 84 7 10
498 109 7 7
0 659 19 26
