1 237 31 39
130 209 26 38
108 196 12 17
161 191 13 14
170 199 18 29
216 227 27 30
221 268 35 46
198 200 16 20
219 206 21 20
263 213 15 22
232 193 10 9
298 193 15 17
289 266 39 57
239 302 67 86
341 219 11 13
330 229 28 41
378 255 26 34
374 213 11 17
388 190 9 15
396 189 8 14
350 204 9 10
479 190 11 11
497 200 11 12
492 215 16 24
460 202 12 13
536 210 16 20
554 224 20 30
455 243 26 38
418 235 42 56
409 327 109 137
610 233 47 63
690 261 24 35
715 243 24 35
737 237 19 23
742 219 13 16
680 233 12 15
684 226 15 16
790 208 8 10
765 206 10 11
847 211 17 21
839 261 27 41
889 215 18 20
887 233 22 23
777 230 13 14
343 193 8 7
945 283 26 34
795 304 44 56
825 276 24 33
723 203 11 18
997 214 16 20
1009 223 14 27
902 431 122 123
975 338 49 53
35 234 18 19
598 234 14 18
691 206 8 14
