68 481 6 7
115 490 6 6
123 486 5 5
162 489 7 8
172 493 6 8
181 486 5 6
187 490 8 11
193 486 7 8
210 484 7 10
238 489 6 8
249 494 9 11
260 491 7 12
250 486 8 8
269 497 5 6
276 496 5 9
283 499 8 11
312 494 7 9
319 488 9 14
344 482 7 9
366 496 11 17
353 495 6 8
377 495 9 14
420 499 8 10
426 483 5 7
446 497 7 9
455 495 9 15
463 505 5 8
468 506 4 8
480 503 10 10
494 503 11 15
507 503 9 11
519 499 12 18
536 497 10 12
566 508 14 16
581 504 10 14
643 499 9 11
612 506 11 12
669 502 16 19
688 500 9 9
699 514 13 19
761 498 9 14
793 511 26 34
810 497 11 15
856 514 17 20
952 512 14 16
341 497 8 11
376 486 7 8
