599 306 19 26
511 289 25 25
595 276 14 18
634 291 18 22
673 272 14 18
649 309 24 28
699 309 26 31
694 289 11 12
719 283 13 12
753 322 27 30
813 293 15 17
813 333 31 33
832 295 13 17
854 293 13 16
902 304 14 16
929 297 16 16
962 280 13 15
974 295 13 18
1004 291 15 18
950 342 33 36
549 298 23 21
12 315 16 15
32 285 16 22
58 239 15 16
93 308 12 20
99 312 20 24
115 290 24 26
134 296 22 29
20 433 11 10
52 411 11 12
57 373 14 18
155 309 22 29
190 316 24 28
223 323 26 29
257 327 27 29
305 340 31 32
300 285 20 25
324 298 18 21
343 293 21 26
385 302 24 24
428 307 25 28
258 236 11 12
467 312 25 30
503 322 25 34
558 324 29 36
