980 317 9 12
963 315 11 14
918 309 8 10
895 308 8 12
866 311 11 11
868 289 7 9
843 286 9 13
973 374 7 9
828 398 15 17
801 333 7 9
795 316 10 12
778 300 6 8
774 289 7 8
786 293 9 14
695 270 6 9
672 274 6 10
725 356 12 15
748 366 13 15
681 382 11 15
938 379 9 12
640 341 13 15
621 364 13 16
577 365 10 12
599 337 10 13
514 358 9 11
528 338 9 14
561 282 6 9
593 275 6 8
516 254 7 9
634 271 8 9
465 344 9 13
451 330 11 12
508 289 6 9
488 305 12 14
406 376 13 17
392 341 11 13
328 331 11 14
261 302 8 13
417 259 5 8
399 258 8 9
384 260 7 8
318 268 6 8
297 263 6 9
208 313 8 12
233 272 9 12
99 295 11 11
71 286 8 9
9 280 9 13
167 230 5 8
15 369 13 16
174 399 8 14
197 348 12 13
274 458 18 26
142 408 12 17
880 343 9 11
821 275 9 12
778 339 6 8
734 286 7 11
