577 1042 19 25
460 1046 28 36
282 1049 22 31
207 1054 25 33
847 1043 23 32
213 1954 79 105
364 1880 71 96
4 1687 54 71
80 1696 43 65
124 1703 37 49
177 1752 44 50
221 1755 27 42
264 1752 45 51
343 1761 35 39
401 1787 57 69
491 1726 29 35
465 1769 30 36
449 1832 35 39
518 1844 35 49
546 1774 34 38
579 1896 44 63
611 1985 72 85
610 1831 44 51
594 1761 33 46
632 1755 30 37
671 1745 30 34
665 1802 34 42
731 1847 47 63
797 1776 42 59
761 1744 38 44
859 1724 34 43
881 1683 37 46
858 1776 40 52
915 1783 46 57
952 1916 59 78
990 1757 34 56
906 1077 38 45
994 1087 25 41
710 1084 30 39
326 1051 20 24
