91 468 16 15
209 207 8 9
166 231 11 10
172 251 8 11
123 285 11 14
116 323 11 13
282 205 9 10
329 214 9 10
365 206 9 14
401 175 10 11
328 248 11 19
268 278 14 20
282 318 11 16
322 284 12 16
364 285 12 14
343 313 13 13
428 199 10 11
55 368 10 14
149 408 15 17
178 372 12 14
208 410 13 18
169 464 17 15
226 465 15 14
282 475 16 14
262 409 13 12
233 371 13 13
297 363 14 15
314 410 15 16
347 365 13 14
370 410 16 15
397 371 14 15
395 469 15 18
420 413 15 16
450 476 16 16
474 411 15 15
505 468 14 15
533 416 13 16
562 464 16 18
589 425 13 17
338 477 15 16
432 267 10 12
409 292 10 11
414 319 13 15
450 293 12 15
470 332 12 14
445 361 14 17
496 369 15 15
529 326 11 13
555 356 15 13
500 291 12 13
533 258 10 11
558 286 13 14
591 326 12 14
445 176 10 10
486 156 10 12
522 175 11 13
470 193 10 14
510 201 10 11
553 203 10 13
567 176 10 11
590 201 10 13
624 205 10 13
627 260 13 17
607 289 13 14
640 324 14 15
666 288 12 15
707 324 14 17
711 283 13 14
666 208 10 11
707 220 8 10
613 370 14 14
683 361 13 14
639 426 15 15
620 469 16 15
679 465 15 20
689 416 14 14
734 465 16 16
746 416 17 20
786 467 17 16
802 407 14 17
744 360 12 11
805 365 13 11
763 197 8 10
797 223 9 10
845 283 12 11
859 319 11 11
920 363 12 13
943 414 12 16
854 408 15 15
884 466 15 13
835 470 17 15
791 248 12 17
