894 159 53 52
850 185 33 34
755 196 30 29
672 192 25 28
598 185 24 27
460 186 21 23
415 181 19 19
370 201 18 20
335 189 16 21
509 222 23 12
279 190 17 21
212 189 21 21
153 188 20 19
84 180 22 20
41 176 24 25
155 1380 20 26
844 1245 20 25
806 1306 15 23
621 1229 18 20
513 1184 20 23
506 1124 17 17
574 1254 19 22
538 1226 20 21
611 1282 21 21
646 1288 16 16
771 1271 19 20
526 1277 21 23
487 1268 16 19
499 1228 16 19
456 1202 18 20
566 1303 20 23
413 1133 17 18
320 1138 17 16
360 1143 14 19
447 1138 17 23
356 1218 14 18
250 1211 12 18
45 1216 14 16
106 1172 15 16
71 1161 18 17
6 1114 14 15
149 1199 17 20
128 1153 16 16
319 1291 21 22
421 1269 11 16
699 1329 16 23
935 1049 11 15
663 1241 18 25
734 1267 15 19
690 1272 16 23
651 1208 16 23
585 1192 20 22
556 1357 21 22
424 1221 22 23
468 1314 14 18
892 1310 17 22
873 1344 17 24
46 1107 16 18
162 1059 14 15
286 1093 13 12
232 1090 12 14
75 1125 16 17
278 1170 14 19
250 1135 13 14
206 1143 11 16
458 1277 9 15
591 658 10 15
