122 170 8 10
114 158 7 9
100 182 8 10
93 172 8 8
57 185 10 10
46 171 10 10
143 156 8 8
215 154 7 9
206 164 6 6
206 157 7 5
191 164 6 7
240 131 7 9
239 175 9 6
194 190 11 9
231 191 10 11
261 190 10 10
277 173 9 10
257 173 7 9
273 167 6 10
282 156 5 9
291 153 6 10
304 150 6 8
326 155 5 8
189 243 14 12
158 253 13 19
260 241 13 14
315 239 13 14
222 315 16 23
274 311 18 17
256 278 11 15
312 260 12 16
332 255 12 13
346 294 13 20
322 201 9 12
306 175 7 10
315 192 6 9
303 171 8 8
360 175 5 8
490 177 9 9
518 182 6 10
491 190 8 11
473 193 11 10
445 181 9 8
418 178 9 11
422 163 4 8
382 180 9 9
428 160 7 8
461 165 6 6
479 166 8 7
475 171 8 10
474 132 7 7
496 129 7 8
531 176 8 9
558 172 7 7
556 187 9 12
545 220 8 13
492 220 9 11
420 235 8 15
429 225 11 13
438 218 9 14
418 308 18 22
433 324 13 19
517 252 6 13
571 235 10 15
927 268 10 10
559 300 16 18
589 303 17 16
565 325 12 18
650 281 16 22
641 217 9 11
659 202 9 13
611 184 7 9
600 182 6 9
566 138 6 9
557 139 5 7
645 141 7 9
571 188 6 10
629 164 8 8
734 156 7 11
762 150 7 6
774 159 6 9
760 169 7 10
775 174 9 10
789 160 5 9
837 130 5 7
819 138 4 6
859 131 5 6
862 159 6 9
909 162 9 9
876 227 12 14
919 234 11 13
822 260 10 11
765 253 11 11
727 205 9 11
694 142 6 10
735 250 13 20
771 271 12 18
721 295 16 23
803 324 17 20
850 287 13 20
904 273 15 19
913 258 14 16
961 238 11 13
1006 244 12 15
1013 267 9 13
998 160 9 9
1015 159 7 8
870 259 11 14
803 351 18 24
613 368 13 22
426 355 13 21
751 218 6 8
999 395 24 51
835 347 13 27
8 186 10 12
587 135 4 4
646 207 11 12
542 253 10 11
501 169 5 7
