735 101 10 13
702 111 10 13
832 87 26 38
790 139 14 16
774 145 13 18
759 146 13 16
746 146 8 12
734 138 13 14
715 170 24 33
664 160 17 32
655 166 15 26
644 156 13 19
616 148 14 18
600 146 12 15
661 130 9 10
767 215 43 48
801 178 26 35
786 171 15 14
832 220 41 44
662 145 9 10
651 142 9 9
959 167 20 21
911 165 16 17
1008 167 15 26
433 102 8 11
385 149 12 16
452 148 14 15
522 102 10 12
575 109 11 11
361 154 15 23
297 167 18 29
280 181 22 33
159 208 31 46
72 221 38 57
31 269 50 58
716 109 9 11
940 250 58 75
