696 299 16 21
685 284 14 20
660 282 15 17
649 277 11 16
658 257 10 13
630 262 10 13
750 236 14 18
730 275 14 16
775 232 12 16
763 224 10 11
811 247 16 20
821 358 27 35
846 301 16 21
877 289 13 15
867 357 21 33
584 251 8 12
520 239 8 9
552 231 10 10
893 323 18 20
888 305 22 25
978 351 21 28
1011 248 13 20
1005 228 11 11
961 248 13 15
962 223 10 13
918 228 9 11
899 230 12 12
879 250 9 9
765 164 18 23
454 242 10 11
301 231 8 13
328 272 13 14
309 283 13 17
348 262 8 12
352 259 9 14
381 251 9 10
734 318 11 24
707 313 16 24
241 236 12 16
282 289 12 16
216 273 12 13
254 304 15 17
205 356 12 27
127 364 35 38
78 406 33 43
55 251 28 35
193 242 17 19
380 226 6 8
623 219 8 9
644 251 9 9
903 411 42 44
151 296 14 20
401 248 7 9
355 220 5 7
