74 103 7 11
91 101 7 9
162 117 10 8
181 112 9 10
121 110 10 8
112 111 9 10
211 129 7 10
243 131 8 8
230 112 7 8
256 122 5 9
265 117 6 8
290 129 6 9
278 132 7 8
313 109 8 9
339 104 8 8
350 99 5 9
379 112 6 8
386 110 7 7
403 111 6 8
442 98 9 7
465 97 8 10
416 108 9 9
492 112 8 9
510 82 11 12
492 82 9 10
531 70 9 14
566 85 13 11
591 77 10 12
608 69 8 10
12 96 9 13
38 98 10 12
64 106 8 10
642 57 11 15
671 53 13 16
704 48 11 18
758 46 10 13
796 47 11 11
942 327 15 16
890 323 8 17
849 362 10 18
829 309 12 12
782 300 11 12
713 303 10 11
790 352 13 15
819 347 11 16
818 377 14 15
835 391 11 21
799 375 16 17
765 390 16 18
741 359 14 12
735 349 11 8
716 370 17 18
741 396 18 23
708 417 17 20
722 409 11 18
661 396 16 16
705 356 11 9
667 307 11 14
643 297 11 13
635 346 11 14
619 345 10 16
610 373 9 12
657 365 10 12
627 396 11 13
600 405 13 21
602 445 21 24
662 432 17 24
649 454 14 19
604 346 10 14
569 474 18 27
539 472 23 25
567 379 12 12
576 359 11 9
567 344 7 10
546 345 9 11
523 306 7 7
531 337 10 10
519 351 13 11
508 367 12 13
505 392 17 16
499 422 21 23
450 437 18 24
472 392 17 24
480 372 13 14
480 355 10 12
504 349 11 12
496 348 9 11
476 339 7 13
479 330 8 10
461 333 8 11
461 355 8 7
452 380 13 16
426 408 17 15
424 389 12 11
431 357 12 14
441 337 8 10
447 331 9 9
420 340 9 11
403 340 10 10
412 361 11 17
397 389 14 14
393 411 18 17
403 435 23 32
349 419 16 19
360 405 12 17
347 370 16 16
377 365 12 18
378 347 11 15
357 342 11 12
391 328 9 12
415 304 8 8
370 294 7 7
383 321 8 11
372 338 8 10
370 330 7 8
350 335 9 8
325 373 13 14
329 353 11 11
325 333 9 11
348 320 8 8
335 299 7 8
314 323 8 11
302 322 6 8
302 333 9 8
301 342 11 10
309 363 11 13
301 356 8 10
302 391 10 15
302 421 18 26
273 403 18 21
233 412 19 20
249 382 14 18
246 361 10 14
255 343 10 16
273 349 13 14
281 343 8 11
292 332 8 10
263 325 11 11
254 337 12 10
242 327 9 10
215 305 9 10
223 331 8 11
237 342 11 11
231 365 12 11
227 379 16 13
194 373 14 19
200 347 11 14
210 328 6 11
186 329 9 12
182 348 10 11
173 357 17 23
184 392 16 20
159 395 11 13
146 367 10 15
157 347 13 15
158 334 11 10
128 334 10 11
130 353 15 15
106 308 9 9
111 336 7 12
101 356 15 14
108 378 12 13
130 386 15 16
105 393 8 17
64 381 15 14
68 367 12 13
66 350 12 11
59 362 12 13
288 373 8 14
229 354 10 11
285 325 8 9
336 398 14 21
15 605 49 54
758 377 13 12
618 367 15 14
275 334 10 15
432 348 8 10
140 114 9 12
