920 196 11 13
926 221 16 16
933 204 11 13
926 209 14 12
946 233 12 14
955 256 13 17
957 240 11 15
865 242 18 19
872 215 16 18
876 203 14 13
820 189 12 10
824 209 13 19
834 200 12 16
792 197 9 9
772 207 12 13
802 237 19 19
528 207 11 13
592 232 12 14
626 220 13 14
674 205 10 13
533 244 15 20
551 234 16 20
455 219 14 19
435 216 15 20
482 259 20 25
469 246 15 17
494 224 14 17
514 208 12 17
509 237 13 19
352 236 20 21
357 259 16 21
398 255 15 19
411 241 13 18
399 276 20 24
350 303 22 28
303 259 16 22
263 299 22 30
129 54 17 33
304 134 12 18
377 153 9 10
199 292 21 26
119 295 23 26
50 335 38 65
801 265 22 28
783 255 20 29
785 207 10 15
883 196 7 6
971 290 28 31
956 334 34 43
852 297 26 34
727 239 17 23
751 220 16 19
737 229 14 20
736 289 28 32
714 322 30 37
688 262 18 23
707 251 17 22
639 287 23 28
708 194 11 11
693 195 10 11
703 183 10 9
668 196 9 9
634 190 9 11
643 194 11 15
658 208 11 14
613 201 12 13
604 192 10 13
587 195 12 13
566 200 12 11
569 214 12 13
556 201 10 17
545 224 12 14
664 188 8 8
