780 265 17 25
182 233 9 10
268 200 8 9
526 221 8 11
157 305 18 29
167 233 10 14
77 330 25 39
806 277 17 23
828 291 19 29
761 261 8 16
749 252 12 18
727 249 12 18
703 245 8 14
691 245 10 13
673 237 11 14
654 237 10 13
633 234 8 13
612 229 8 10
644 232 7 11
973 434 8 9
908 358 33 38
863 318 15 27
459 226 9 13
444 231 9 12
422 234 9 11
403 238 8 11
378 239 10 11
348 242 11 14
341 240 11 15
309 251 13 18
294 249 11 16
271 253 13 20
249 260 16 21
219 272 18 25
205 280 15 26
178 281 20 30
249 227 9 10
