43 171 30 25
119 214 28 24
19 195 31 27
0 214 19 30
1 301 45 35
330 133 18 17
345 157 19 23
359 168 21 26
375 185 24 29
408 201 31 35
417 237 37 47
442 295 54 63
401 142 17 21
374 128 16 19
480 128 14 20
509 134 14 20
525 141 19 24
543 159 21 26
578 178 24 30
571 125 16 19
533 125 14 14
623 191 29 39
617 139 22 24
630 119 13 16
657 122 15 19
685 125 18 19
668 148 24 30
679 256 41 51
698 109 13 13
713 131 19 22
751 114 14 16
752 70 6 8
759 72 5 7
772 75 4 7
792 75 5 8
801 77 9 11
802 72 7 7
782 110 12 16
812 96 11 12
879 109 14 16
834 120 15 17
859 128 21 23
913 120 20 23
897 102 13 11
916 73 8 8
968 69 6 8
956 76 6 6
972 65 5 6
921 102 15 13
943 112 19 20
944 145 24 23
888 165 39 33
822 151 29 32
957 180 49 40
984 130 24 23
998 103 15 16
979 100 16 13
805 122 17 22
769 132 23 31
717 163 28 32
791 185 38 41
887 245 51 48
1013 113 11 16
747 321 60 65
