145 178 33 33
256 118 37 41
366 153 32 38
263 241 37 36
148 232 34 40
583 142 29 40
701 158 33 34
786 120 32 47
861 152 33 40
852 247 36 38
923 317 35 42
742 321 35 38
727 250 35 38
701 204 32 45
788 202 41 33
581 214 33 32
611 242 30 35
581 251 35 46
487 264 37 40
526 218 35 36
469 154 33 31
673 282 33 27
448 238 34 37
398 252 31 39
369 320 35 33
364 260 34 39
231 272 40 41
258 312 37 45
180 308 41 41
86 301 33 40
787 463 36 33
721 457 35 33
639 487 36 34
542 484 38 39
456 479 35 38
318 459 36 39
185 487 37 34
