122 196 28 31
166 182 36 41
211 201 30 34
290 170 24 33
348 181 25 34
362 170 22 23
404 199 27 31
402 171 24 28
441 176 26 30
478 158 24 26
502 181 25 32
523 188 23 30
546 179 22 25
554 212 25 28
579 183 25 29
512 290 29 33
604 214 23 25
632 159 27 30
677 178 26 29
713 157 22 25
744 157 24 30
582 280 30 32
668 377 27 30
668 296 26 29
724 341 25 32
795 165 24 22
797 188 22 31
844 168 26 33
909 152 30 36
739 428 21 24
757 334 14 17
784 320 23 25
811 341 21 24
862 340 24 31
969 169 26 29
1001 201 22 32
