70 233 20 29
96 260 19 22
86 254 8 9
108 236 20 22
136 236 16 21
148 251 16 22
177 226 14 18
176 259 21 26
135 332 26 34
63 318 27 33
205 239 17 21
215 227 18 24
232 255 24 31
249 233 14 18
264 247 21 27
282 230 17 23
306 231 16 18
317 220 13 19
302 248 17 24
306 264 20 27
234 344 25 34
296 347 22 29
360 338 23 32
441 327 23 31
334 239 17 23
331 258 17 27
354 262 19 26
362 232 16 20
359 242 19 26
386 227 18 25
391 258 20 23
413 244 17 22
432 243 22 33
479 213 20 25
468 232 19 22
460 249 19 27
478 266 22 29
521 259 16 25
524 244 18 21
522 222 18 20
541 249 12 20
559 238 21 30
588 235 19 29
614 232 19 28
626 257 19 28
519 348 20 26
574 356 21 29
634 243 14 21
645 233 13 17
661 243 11 12
667 233 19 23
654 258 19 25
671 270 20 26
701 230 14 19
707 242 20 24
736 229 18 25
734 283 19 27
952 264 19 23
891 265 20 28
845 246 21 28
826 246 19 27
801 241 18 24
768 242 20 28
672 355 21 28
