68 157 31 39
14 180 31 39
113 173 27 37
146 189 29 39
163 147 27 33
191 175 29 36
223 203 28 38
252 148 24 29
282 171 24 28
268 197 27 33
326 155 25 36
364 158 24 29
401 143 25 38
367 193 26 33
296 270 27 35
510 101 23 29
575 111 21 29
448 161 22 31
496 166 23 30
460 189 28 33
515 194 25 32
583 151 25 36
559 196 26 34
601 187 25 32
624 205 26 30
723 143 22 28
762 156 25 29
675 156 22 28
719 177 23 30
674 195 27 33
696 219 28 34
754 226 28 35
979 310 11 16
979 286 8 10
971 339 30 43
899 195 29 32
824 199 30 36
860 323 31 42
716 354 29 35
658 368 26 36
598 361 28 37
530 345 28 34
470 309 28 35
340 314 27 30
396 370 27 34
447 394 31 37
200 361 33 37
309 381 29 37
