302 373 25 27
236 348 25 30
168 358 22 26
315 284 22 28
393 405 22 28
256 226 17 20
305 206 19 24
361 230 17 20
149 217 19 24
205 205 17 23
93 226 19 24
26 209 23 26
90 188 18 20
102 172 19 21
121 141 17 20
154 170 15 21
134 194 17 20
187 187 17 22
205 166 16 21
220 157 15 18
657 309 20 24
633 367 24 26
558 369 25 28
514 292 20 23
470 376 24 34
667 213 16 21
404 260 23 32
717 215 17 23
619 219 18 20
562 224 18 20
509 214 18 22
457 221 16 18
407 222 18 22
600 197 16 18
620 172 13 16
552 188 15 18
576 174 15 18
499 193 14 18
521 178 15 15
598 162 13 16
576 144 13 13
531 144 13 13
550 160 13 16
514 157 13 15
494 169 13 16
484 158 14 16
503 147 13 13
611 146 10 13
375 79 12 16
380 147 14 17
359 139 14 16
341 153 13 14
326 143 12 14
309 145 13 16
305 163 16 18
268 138 14 14
270 160 13 15
240 78 14 15
283 90 12 14
319 85 15 17
267 68 11 15
462 141 13 15
449 160 15 16
450 189 16 20
403 191 16 19
406 166 15 17
355 192 18 19
357 176 16 17
427 145 12 14
420 153 12 16
311 185 14 17
247 182 18 22
253 167 16 21
218 62 10 15
191 72 13 17
411 77 13 15
295 35 14 18
410 50 11 14
388 47 12 15
451 35 10 15
651 109 10 17
604 98 13 15
558 96 11 15
500 63 13 15
514 91 12 14
806 184 18 23
697 190 15 17
672 168 13 17
648 190 16 16
644 159 13 14
176 151 14 18
