7 245 14 30
28 203 25 33
87 243 28 36
118 200 22 32
158 210 29 35
206 196 25 31
261 221 23 26
211 269 31 33
160 264 32 39
41 263 31 43
281 261 27 35
295 227 27 35
330 199 23 33
355 228 28 35
393 201 26 30
409 235 27 36
459 233 27 34
458 206 22 32
500 210 21 29
243 401 31 42
131 415 35 47
20 435 34 45
530 217 4 7
559 206 23 28
613 213 21 24
637 227 23 29
682 239 21 27
689 219 21 26
707 246 26 31
730 233 23 31
766 203 22 28
781 239 19 24
797 231 24 35
764 261 22 26
859 224 24 28
860 249 28 36
894 239 23 33
944 218 4 7
933 259 27 35
971 389 33 39
873 389 30 34
759 373 26 34
680 322 26 34
615 286 29 34
606 323 26 34
659 390 29 31
590 424 29 34
544 334 31 41
564 320 20 32
485 364 33 43
388 433 41 43
351 421 31 38
