117 346 23 27
116 423 28 36
180 406 26 35
156 339 23 29
257 409 24 34
334 379 24 31
291 358 22 27
321 351 19 21
320 324 18 23
264 336 20 30
227 334 22 27
186 339 23 30
130 327 23 27
190 317 22 24
209 339 20 26
247 335 18 26
287 314 16 23
346 310 19 22
372 317 17 29
367 359 25 33
429 346 21 26
496 380 30 37
535 331 21 29
481 330 20 29
447 329 19 27
505 316 19 27
579 409 33 44
600 301 27 36
647 303 31 39
681 274 27 37
753 267 31 40
791 256 30 39
691 407 36 49
807 387 38 49
864 411 21 27
883 420 20 25
949 448 21 30
926 408 22 27
954 385 17 22
896 351 19 21
311 278 16 22
355 278 15 22
386 288 17 23
405 296 17 21
453 282 16 20
413 266 15 19
382 268 15 18
397 257 14 18
446 260 13 19
420 240 12 17
436 225 13 18
456 214 13 16
456 232 13 18
476 240 13 18
474 261 16 22
498 271 18 22
495 241 15 18
480 218 14 19
506 229 13 17
536 253 15 22
554 234 15 22
525 233 14 16
497 213 13 16
520 208 11 16
536 209 10 13
536 220 10 13
547 213 9 16
555 210 12 17
571 236 13 19
389 314 16 25
430 317 16 19
490 304 19 23
566 200 10 12
576 202 10 14
587 210 9 12
580 218 13 19
596 215 11 15
612 219 12 15
608 203 10 14
594 188 11 14
602 182 9 11
611 183 11 14
611 168 10 12
657 183 13 15
656 161 10 14
670 166 10 14
681 163 10 13
693 170 10 13
665 145 11 15
679 147 9 13
695 142 10 14
706 145 9 14
723 136 10 13
729 146 9 14
749 142 11 14
752 131 9 11
772 137 10 13
797 135 11 13
811 129 9 12
826 125 11 13
834 114 13 12
834 94 11 14
830 78 15 14
836 60 12 15
882 392 21 25
