156 1023 75 56
258 1008 47 54
421 988 64 64
535 995 49 58
649 988 61 68
399 165 67 75
904 572 21 26
961 570 20 26
947 620 21 26
1009 683 14 24
852 862 28 31
754 866 29 29
642 875 22 20
803 773 21 26
752 718 22 23
706 666 20 29
662 616 15 16
592 614 21 21
519 614 19 19
622 659 22 27
565 654 24 25
483 658 23 20
537 718 21 30
602 718 25 28
681 723 21 23
727 759 28 29
645 778 28 29
565 771 26 27
495 870 22 26
395 766 23 28
436 693 17 24
360 648 20 25
281 648 24 23
327 765 21 25
304 863 26 25
164 768 26 28
76 757 24 28
89 636 24 28
26 643 21 26
130 531 18 21
190 602 21 17
161 480 19 24
456 612 18 28
560 901 20 21
129 710 16 15
55 742 16 26
109 734 14 20
98 689 22 24
119 749 15 21
71 714 10 16
270 627 11 17
213 693 13 14
335 688 9 18
