62 285 23 27
107 283 26 29
170 287 25 27
226 284 25 26
287 296 24 24
177 215 21 23
235 223 20 25
277 231 20 23
330 230 19 23
344 293 23 25
405 312 23 25
465 296 25 29
518 297 24 28
384 231 20 22
440 228 22 26
494 225 20 25
555 231 22 23
611 233 21 23
653 230 22 27
586 302 23 28
646 301 24 29
709 304 26 30
781 306 26 28
163 96 21 22
211 54 18 22
230 100 22 23
252 80 19 21
285 66 18 21
295 104 20 23
318 76 19 23
346 57 18 23
370 82 21 29
389 70 18 24
413 58 18 23
435 87 20 24
466 66 19 26
499 93 22 23
512 61 21 26
539 69 21 24
580 63 19 22
581 100 21 27
596 79 17 23
622 94 21 22
642 81 18 22
659 75 17 21
663 92 21 25
689 79 19 22
705 57 20 23
716 92 21 21
694 123 21 28
718 122 24 28
747 93 23 28
742 71 21 24
766 119 22 27
789 95 20 24
807 79 18 23
805 117 23 25
818 144 24 25
831 101 21 24
848 133 23 28
877 137 23 23
904 141 24 26
931 153 31 33
892 168 25 27
849 193 27 27
