84 225 9 11
100 227 8 10
117 227 9 12
139 225 7 9
155 225 8 11
175 223 9 12
193 222 9 11
78 243 10 12
101 244 9 11
117 245 9 12
135 246 10 10
155 243 10 13
173 252 9 12
185 250 9 10
86 284 12 14
103 283 10 11
121 280 10 11
134 275 10 14
152 280 10 14
174 276 9 11
190 274 10 14
61 271 9 12
51 299 8 13
75 303 11 14
101 304 10 12
130 303 10 12
41 329 10 12
54 330 11 13
69 329 12 14
93 328 12 16
122 331 10 10
27 367 11 11
46 364 10 11
66 366 9 10
95 363 10 12
30 391 9 13
43 400 11 15
80 392 12 14
56 423 12 14
86 426 12 15
78 456 11 11
121 453 11 12
147 463 12 11
111 421 13 14
122 399 10 11
108 397 9 11
147 392 9 13
157 396 12 13
140 423 11 12
169 425 12 11
210 226 9 10
231 222 9 12
249 221 9 12
266 219 10 13
282 222 10 10
201 248 8 10
220 246 10 13
239 247 9 12
249 250 9 11
211 276 10 9
231 271 9 12
248 270 11 12
276 250 9 12
293 252 8 11
271 272 11 14
292 271 11 15
155 303 8 11
171 303 9 11
201 303 9 11
218 300 9 13
235 300 9 12
152 330 9 12
181 331 9 12
210 328 10 12
242 325 11 15
112 357 10 14
142 361 10 12
166 358 9 13
183 363 8 8
203 356 11 15
188 390 9 12
198 396 11 15
194 423 10 10
222 422 11 14
253 301 10 11
273 297 9 13
291 298 8 12
306 299 9 10
324 294 10 13
269 324 11 14
295 326 10 12
335 323 11 14
222 358 10 13
239 358 10 12
254 356 10 13
267 357 11 12
281 358 10 12
304 357 13 10
328 353 12 15
226 387 12 13
240 396 11 13
259 387 9 10
277 395 12 15
249 421 11 12
278 420 14 16
313 399 10 14
303 389 9 13
338 386 10 11
309 423 10 13
337 428 10 12
347 393 12 15
368 389 12 11
387 393 12 14
395 419 12 14
364 425 11 12
337 456 10 11
364 450 13 15
406 449 12 16
424 417 11 15
412 387 9 12
426 389 12 16
450 384 10 13
470 392 12 14
451 424 10 12
477 423 9 15
442 452 11 12
477 457 10 13
187 461 10 12
226 460 11 12
259 456 9 11
293 449 9 14
301 225 10 11
316 223 9 10
336 223 9 10
360 221 10 13
377 221 9 12
395 222 7 10
308 250 10 11
331 248 10 11
356 247 10 11
383 247 11 11
308 272 11 14
324 272 11 12
345 271 11 12
370 273 9 13
390 272 9 13
347 294 10 14
362 293 11 15
384 295 9 12
355 326 11 13
378 324 9 12
395 324 10 11
413 325 10 11
433 324 9 13
453 321 9 13
351 354 10 13
372 354 10 14
392 354 9 11
407 349 11 15
428 360 10 13
448 361 10 11
467 356 11 12
412 219 9 11
429 218 7 11
448 219 9 11
466 218 9 12
489 218 9 11
507 216 8 12
523 220 8 11
540 219 9 11
557 220 7 10
571 221 9 11
584 220 8 12
410 248 11 11
434 248 10 13
456 240 10 14
473 247 10 11
493 240 9 10
510 238 10 10
532 240 8 10
553 243 9 10
574 244 8 10
411 275 8 11
427 272 10 11
444 270 11 12
465 271 8 9
484 270 10 11
501 267 9 10
521 267 9 12
538 267 9 13
565 267 9 11
410 294 9 11
429 297 11 13
450 293 11 13
474 291 11 12
496 302 12 13
516 298 9 11
532 297 9 11
550 294 11 14
573 299 9 12
470 323 9 13
488 319 11 13
512 326 10 10
528 324 10 12
495 358 10 11
530 349 9 9
487 382 13 13
507 394 12 12
525 379 13 14
549 328 9 10
566 329 10 11
553 349 10 11
582 352 10 10
563 384 12 12
547 392 12 14
509 414 12 12
545 423 12 11
512 454 11 14
546 455 10 12
580 451 11 14
574 425 9 12
584 393 13 15
588 328 9 12
609 325 10 13
627 326 9 12
632 347 11 15
606 350 10 12
608 377 11 12
624 386 12 15
640 379 10 12
596 424 10 14
621 420 9 13
612 453 10 13
649 422 9 12
670 423 10 13
693 420 11 16
665 392 11 14
678 387 9 13
702 388 11 16
652 350 10 13
671 348 10 14
692 350 12 12
655 331 7 9
670 328 11 11
695 328 9 11
597 297 9 12
623 301 9 11
638 299 9 13
658 301 9 10
686 303 10 13
702 305 9 10
654 456 12 13
691 456 11 13
721 453 11 11
739 422 11 12
764 426 12 14
763 456 9 11
784 421 10 11
805 421 10 12
795 452 10 11
829 449 12 16
855 455 11 15
886 453 11 13
825 417 10 13
850 421 10 12
876 418 12 14
927 424 12 14
958 447 12 16
959 425 14 16
918 453 9 12
588 269 10 11
593 241 10 12
599 221 8 12
619 220 8 10
642 219 10 12
619 243 9 13
642 241 11 11
664 244 9 11
660 220 10 12
679 222 10 12
697 227 8 10
679 246 9 11
700 248 10 11
695 269 9 11
675 271 11 12
608 271 9 11
628 270 10 12
647 271 11 13
722 223 9 11
745 224 8 11
769 223 8 10
786 225 8 10
718 249 10 12
734 245 9 11
757 245 9 11
774 245 9 11
799 246 9 9
804 230 7 10
827 224 9 11
852 227 9 10
821 247 8 10
839 252 8 11
856 254 8 11
874 255 9 10
716 271 9 10
736 275 10 10
762 271 12 11
790 275 7 9
810 277 9 10
827 276 10 13
848 279 9 11
868 280 9 10
888 282 9 10
886 300 10 12
864 301 9 10
843 300 9 9
825 299 11 11
803 300 10 10
789 298 9 9
766 297 10 11
738 296 9 11
719 306 9 11
716 328 9 10
730 328 9 10
755 330 9 11
771 329 9 12
798 327 10 11
822 328 9 11
852 335 9 10
880 334 9 10
717 350 9 11
743 353 11 13
763 350 9 11
779 354 10 12
799 353 11 11
822 356 11 12
842 355 11 14
865 360 10 11
880 359 11 14
716 388 10 12
736 392 11 13
749 382 9 12
776 391 11 12
791 387 11 12
813 392 10 13
825 390 9 12
851 390 11 12
864 389 10 12
716 418 11 13
879 230 7 9
902 254 8 10
917 274 9 10
913 298 8 12
904 331 9 11
901 350 11 13
944 352 9 11
886 397 10 13
901 395 11 12
927 388 13 16
82 363 10 13
