960 264 25 30
924 270 33 35
864 265 24 26
807 285 29 30
773 268 26 29
751 259 21 26
703 277 30 35
710 237 22 29
742 223 19 21
793 214 17 20
886 238 20 22
840 257 22 27
1014 222 10 22
979 212 14 21
977 187 9 12
936 167 15 17
890 172 17 21
708 214 14 16
670 268 25 28
1012 242 11 19
864 197 11 14
662 244 25 26
663 185 15 17
608 287 29 33
579 264 28 28
629 244 22 24
610 238 18 21
598 221 19 21
625 211 15 16
492 276 31 35
469 241 26 29
532 223 18 21
574 204 15 18
518 208 17 19
496 186 11 14
608 157 7 8
598 154 7 10
612 180 8 9
633 191 11 15
383 298 26 30
408 230 19 29
495 227 17 23
276 276 33 34
315 254 25 28
409 188 9 12
145 278 32 39
19 287 34 35
51 252 30 35
92 256 27 30
134 240 23 28
189 266 25 30
210 252 24 31
260 240 27 29
287 214 17 20
322 199 13 17
52 201 16 17
27 210 14 17
0 198 12 17
102 167 16 20
471 156 6 8
266 196 15 20
195 230 22 25
815 186 8 12
754 149 11 13
835 200 12 10
538 153 8 10
526 152 8 9
428 150 6 6
505 148 7 10
135 198 14 16
193 183 9 12
30 191 8 10
339 245 20 20
227 203 17 17
357 209 15 15
376 192 12 10
618 200 10 16
