371 738 6 7
429 697 7 9
530 702 7 8
499 645 8 9
515 623 6 7
418 644 6 6
412 647 5 6
331 681 8 9
419 622 7 8
412 622 5 6
351 608 6 7
304 600 6 8
246 563 7 7
253 530 5 7
314 537 6 7
377 511 4 7
376 559 6 7
369 481 6 5
330 504 5 5
343 482 5 4
350 484 5 6
321 480 5 5
250 445 5 5
175 437 6 6
211 435 5 5
268 459 6 5
292 469 5 9
302 447 5 6
291 448 4 6
309 476 5 6
314 471 4 6
309 465 4 6
312 466 4 6
320 465 5 6
365 426 4 5
371 434 5 6
327 412 5 5
317 409 5 4
322 407 4 4
324 402 4 5
343 399 4 4
337 394 3 4
315 392 4 4
312 398 5 4
289 339 4 4
293 334 5 4
246 337 4 5
242 318 4 4
254 412 5 5
259 406 3 5
209 394 5 4
205 394 4 5
155 382 5 6
201 380 4 4
239 377 4 4
245 382 5 5
250 393 4 5
216 365 4 5
219 361 5 6
192 379 4 5
196 370 5 5
181 363 6 5
212 353 4 5
216 338 5 5
216 330 3 4
181 348 4 5
175 342 6 5
182 338 6 6
533 533 6 9
474 535 7 10
