259 118 37 51
410 144 36 52
315 77 36 36
203 52 19 28
267 77 16 22
239 86 15 16
224 67 16 19
240 58 15 19
253 67 13 17
184 69 16 21
169 57 11 18
127 95 13 20
147 71 12 17
141 52 13 16
90 73 19 22
6 79 15 21
364 48 17 22
392 42 16 18
414 63 13 26
431 81 13 19
444 51 16 22
462 56 14 20
489 61 18 21
533 64 13 16
537 44 16 22
472 29 14 18
491 24 14 14
344 38 13 15
557 32 11 17
565 26 16 22
568 76 16 20
594 79 13 16
640 78 16 20
624 72 14 19
610 62 13 19
570 51 14 16
587 51 11 14
556 56 11 18
530 40 12 15
601 21 16 20
616 29 15 20
638 44 13 19
656 67 13 14
654 21 15 20
686 23 15 20
701 32 14 17
701 1 15 19
727 91 41 51
614 146 40 51
771 1 14 15
758 1 10 7
988 34 15 20
990 2 15 15
863 37 17 19
851 20 16 18
812 31 13 19
791 36 11 17
972 19 13 19
874 18 13 13
889 33 13 19
917 34 13 19
750 42 18 20
22 76 16 23
656 39 13 15
699 44 13 17
721 14 16 17
721 43 17 21
