11 116 24 32
21 144 30 42
87 133 27 36
61 93 14 22
145 163 27 36
130 125 20 28
169 108 21 31
202 116 25 36
250 103 21 29
274 134 23 26
299 143 19 26
117 87 13 17
72 76 14 17
81 64 10 18
86 118 25 27
53 118 9 15
124 66 16 20
183 80 15 19
154 93 14 16
298 81 13 18
353 142 26 33
363 124 18 23
316 112 19 26
379 114 17 24
404 99 14 20
468 121 18 25
508 115 23 29
521 123 16 25
563 124 13 19
533 81 12 18
581 103 13 15
586 128 16 25
556 174 27 39
501 105 15 19
626 131 17 24
659 123 19 26
685 135 17 22
701 125 19 28
701 150 25 32
714 167 25 35
765 129 18 26
785 142 20 25
784 192 25 38
858 107 12 17
867 139 17 23
891 125 13 18
904 130 14 14
939 127 12 15
965 122 13 20
933 155 13 16
984 148 17 23
1003 148 15 19
1000 170 16 22
1015 165 9 22
947 196 18 23
953 210 20 25
967 221 20 23
991 206 15 20
927 246 22 38
969 151 10 16
785 289 28 39
