225 546 7 16
230 531 10 13
237 519 10 11
255 499 9 15
273 487 8 12
292 474 9 11
323 460 7 12
344 448 8 9
110 509 11 15
117 492 7 13
126 477 8 11
141 466 8 13
158 454 8 12
177 439 9 14
195 425 8 13
239 412 8 11
262 401 9 11
287 396 8 11
79 470 8 12
93 453 8 11
109 446 9 12
140 430 10 12
150 423 7 11
193 400 9 11
221 393 7 9
245 382 8 8
269 376 9 12
311 387 8 8
339 375 8 10
322 363 8 9
299 367 7 10
77 410 9 13
101 406 7 10
153 382 7 11
182 377 7 11
200 367 10 11
229 359 9 9
261 351 9 11
316 346 6 8
151 359 5 8
127 370 9 11
102 381 9 13
78 387 7 9
59 397 7 11
343 338 7 9
282 345 8 10
371 378 9 11
367 443 9 9
556 315 9 10
569 313 9 9
568 337 9 11
549 352 9 10
537 339 8 10
581 350 8 12
601 339 7 10
616 351 9 12
611 309 9 11
628 330 9 12
644 346 11 12
641 312 8 10
672 313 7 9
690 333 8 13
700 307 9 16
733 309 8 13
721 339 8 10
775 387 9 10
771 356 9 11
800 357 9 12
825 360 9 12
816 344 7 13
784 344 9 11
757 300 11 11
788 304 8 10
822 306 10 10
850 306 10 13
859 325 8 11
847 347 7 11
862 367 8 13
877 358 8 12
891 377 8 11
904 360 9 12
919 381 9 13
937 365 10 12
743 382 11 13
761 441 7 10
820 453 9 12
805 390 9 11
834 426 7 10
882 435 9 11
866 458 12 13
704 346 11 13
662 329 8 12
677 346 11 15
38 723 15 16
17 719 14 22
55 427 8 10
