54 313 35 43
183 311 31 41
292 318 29 41
369 364 31 34
642 476 43 54
763 463 40 57
891 507 45 48
1008 546 16 42
905 663 85 82
513 324 27 39
562 330 27 35
640 325 30 33
724 300 24 36
822 319 30 44
925 351 30 37
997 360 27 45
10 365 36 45
155 365 34 42
253 384 33 41
364 410 37 43
492 401 31 40
549 436 31 36
763 364 26 32
870 375 29 37
704 427 33 37
632 442 29 35
855 421 34 41
962 422 35 39
938 487 38 40
804 464 25 38
38 419 35 41
66 456 44 53
198 429 41 56
45 516 42 51
134 549 42 53
248 501 42 55
325 480 37 48
389 527 42 53
462 459 34 38
512 521 48 61
