998 331 18 25
981 271 14 26
1010 205 14 19
871 257 20 25
897 204 20 24
954 151 17 17
986 63 16 18
851 65 17 19
872 149 18 23
783 147 18 23
784 202 19 22
852 330 17 24
889 439 13 21
867 415 16 22
742 415 17 24
718 441 10 20
755 263 18 22
727 321 20 25
670 258 17 22
671 209 17 24
694 145 17 24
720 59 16 23
592 70 17 19
588 145 17 23
560 204 18 20
504 139 19 22
465 68 17 23
399 149 17 23
474 202 18 29
336 207 16 17
346 82 15 18
591 328 18 21
581 269 18 19
471 264 18 19
504 343 13 19
472 321 18 23
331 264 19 22
362 337 19 22
305 398 19 24
226 328 21 25
208 268 19 22
122 333 18 23
88 287 15 17
153 403 17 20
94 427 16 25
265 431 13 24
204 92 14 18
216 159 13 10
131 86 18 22
105 56 15 16
103 109 14 15
70 100 15 15
64 75 15 18
34 80 14 19
14 80 14 16
19 98 13 16
12 112 8 16
55 8 14 17
79 118 12 14
9 351 19 24
163 623 8 18
