758 394 30 42
726 316 17 25
806 276 21 27
893 353 49 57
733 287 15 19
594 300 21 29
894 275 15 19
882 246 8 11
798 235 10 10
839 219 7 7
943 221 9 9
712 257 12 14
744 242 11 13
644 186 20 29
531 269 24 31
561 347 21 32
569 198 9 11
530 215 14 15
508 215 11 11
457 237 12 15
431 196 10 12
478 287 10 10
488 309 13 16
364 188 14 13
279 192 18 19
308 207 15 19
279 211 31 49
148 325 23 30
394 505 50 54
416 446 50 43
65 417 36 41
96 391 25 40
0 601 52 85
286 526 51 79
544 469 59 98
576 174 7 7
847 251 6 7
772 210 6 6
229 291 20 28
814 230 8 12
