890 350 47 59
925 296 38 46
971 484 53 63
743 329 55 70
809 270 38 50
627 246 34 57
640 182 16 22
663 170 14 24
664 154 11 15
761 172 19 32
827 218 18 31
869 193 22 32
639 424 63 71
580 311 45 61
508 179 19 31
509 162 14 18
595 164 12 19
658 115 18 19
480 200 23 32
401 200 24 27
435 256 38 53
387 221 26 33
443 108 17 20
465 251 21 36
303 296 29 40
196 248 33 45
225 307 49 66
190 324 33 44
228 203 22 25
211 169 21 24
289 158 15 21
376 149 16 20
360 186 19 26
492 327 58 84
441 362 61 96
455 169 15 18
170 201 22 29
287 463 70 64
75 319 51 61
2 539 112 47
102 257 29 31
32 267 26 37
21 216 26 24
542 196 19 29
