937 372 38 55
896 477 42 62
870 371 22 26
837 340 17 19
992 345 15 15
928 339 10 19
739 377 19 21
772 334 16 21
710 341 17 19
682 354 11 18
605 339 13 12
566 335 11 13
554 385 33 43
511 393 21 33
480 399 28 35
471 361 20 26
520 339 16 19
519 323 13 18
668 341 14 15
653 348 14 14
596 358 15 18
407 393 18 25
368 390 28 44
346 380 17 25
437 330 14 17
452 347 16 20
614 268 10 12
483 262 11 12
408 290 13 14
399 327 11 15
393 298 12 12
543 279 9 13
308 385 26 38
249 304 21 26
233 298 14 24
262 260 12 18
300 257 13 14
335 270 10 14
370 273 10 15
332 331 14 19
211 274 11 16
189 263 11 17
170 269 11 14
142 256 13 21
108 258 13 15
192 367 16 17
50 264 11 17
39 345 16 23
458 497 27 31
327 505 36 55
297 531 38 55
259 537 26 42
166 402 26 35
142 407 20 27
131 395 17 24
78 419 22 31
51 380 19 30
22 340 14 18
579 259 13 17
