838 501 17 44
939 428 36 40
878 469 54 42
786 411 36 41
777 354 31 42
858 343 34 40
677 360 34 50
595 415 35 46
580 319 36 41
750 304 28 36
650 278 30 40
497 404 33 45
471 346 26 41
394 378 32 41
413 337 36 35
438 308 28 37
384 278 24 31
531 310 28 39
491 283 26 34
440 277 26 34
324 351 33 34
250 394 27 30
277 309 23 31
317 297 33 36
307 260 22 26
375 258 19 27
230 257 25 29
179 314 31 33
145 311 34 42
79 361 31 31
7 385 33 35
0 312 15 43
5 296 17 27
4 257 21 29
26 252 20 33
25 205 26 27
87 214 23 25
25 289 34 27
75 324 33 34
99 296 31 34
172 287 23 25
119 257 24 26
176 243 22 27
68 218 18 22
150 211 22 19
196 230 22 28
235 198 31 31
220 182 19 21
271 216 26 32
328 206 19 28
73 190 22 26
102 183 17 22
33 163 20 23
1 185 13 16
21 131 12 17
11 116 12 15
30 107 13 16
35 118 16 18
74 153 13 17
82 123 12 13
128 131 14 19
131 153 21 22
135 109 12 16
145 85 12 17
164 109 10 14
171 117 20 18
189 151 20 21
228 95 14 18
243 147 18 25
229 143 13 18
246 124 13 16
249 106 12 15
250 91 12 16
272 117 14 16
265 146 16 22
308 150 17 22
304 101 11 15
305 78 12 14
333 98 9 12
341 95 12 14
359 101 11 14
302 133 11 16
323 160 14 17
362 197 22 32
378 178 20 26
388 123 14 19
376 93 11 16
226 123 10 13
363 137 18 23
323 130 14 19
339 116 13 15
323 115 13 16
395 99 14 14
389 78 12 13
402 153 18 21
400 209 17 23
202 82 12 15
278 137 13 16
358 127 13 14
339 73 11 15
349 72 13 15
426 98 13 17
408 84 6 17
417 69 11 14
445 132 15 19
477 133 13 17
445 92 9 15
453 82 11 12
475 80 11 13
422 148 15 18
456 166 16 22
485 159 20 24
509 116 12 18
464 226 21 25
499 200 19 28
530 237 22 29
585 252 29 36
531 192 22 30
567 187 20 28
556 183 15 21
587 206 21 24
523 128 13 19
528 144 18 20
560 142 19 23
501 88 12 17
517 75 12 17
593 98 11 16
574 76 13 16
614 97 13 19
614 71 10 13
622 120 15 17
543 114 13 15
537 60 9 13
647 142 18 21
643 171 18 22
645 127 17 20
638 103 14 15
640 82 13 16
662 66 10 15
666 131 9 15
625 199 16 28
636 195 23 33
625 235 25 36
661 189 22 26
669 212 19 27
740 190 23 26
719 157 22 25
781 201 14 21
801 201 20 25
795 233 21 24
828 242 24 30
677 128 15 17
679 94 11 17
698 78 12 14
733 143 19 26
730 111 13 17
760 136 17 17
765 150 13 26
796 137 15 20
837 137 18 23
828 178 17 24
844 121 17 20
827 113 15 17
745 69 12 13
859 256 25 35
881 273 30 40
872 237 28 31
871 183 17 21
891 172 26 36
923 290 24 30
790 108 10 13
867 153 15 18
885 145 18 22
905 145 21 28
973 190 25 30
948 163 17 19
966 163 16 21
925 108 15 17
901 98 13 16
959 112 13 15
989 106 12 16
1008 134 15 23
1004 231 19 36
789 82 13 16
780 103 10 15
867 83 10 14
711 343 15 29
706 127 16 18
834 66 13 19
851 65 11 14
970 86 12 18
1001 81 12 15
912 78 12 16
934 91 9 13
477 110 16 21
455 118 15 18
