110 951 24 27
351 1028 28 32
254 1025 25 34
163 1032 28 34
869 313 43 50
801 290 39 47
755 352 40 47
688 280 44 44
748 234 37 39
682 243 41 42
641 240 35 44
609 217 35 38
679 187 24 27
714 186 29 40
663 144 34 37
564 276 36 44
587 344 37 45
476 270 38 49
508 206 36 41
538 213 28 39
436 158 34 40
423 270 40 41
403 231 29 38
362 230 31 31
359 279 37 41
370 349 42 48
277 296 36 43
310 258 33 39
284 216 31 35
305 147 32 39
214 311 41 46
191 229 35 42
144 276 34 42
103 275 42 49
238 492 38 51
168 498 37 38
109 493 37 44
573 490 40 51
854 849 27 34
827 847 25 30
810 903 24 32
743 894 23 30
772 885 15 24
735 846 25 32
676 870 29 30
652 853 23 31
608 848 25 31
568 880 29 28
555 829 25 29
818 1042 27 33
739 1048 27 31
644 1035 28 37
506 949 19 25
506 1016 33 32
449 1028 28 36
496 842 25 32
458 831 22 33
429 843 25 32
396 876 23 30
355 850 27 34
306 826 26 30
309 870 29 30
263 876 27 31
233 867 21 29
205 865 28 31
134 874 22 29
88 864 28 28
