116 286 15 21
28 184 8 10
315 228 10 12
0 347 12 21
0 395 9 25
131 282 14 18
141 264 14 15
158 240 13 14
92 258 16 18
46 286 16 21
214 292 16 19
203 315 15 25
181 337 20 27
15 303 18 16
18 327 19 19
256 339 17 25
258 307 17 26
308 324 19 23
309 279 15 20
8 207 10 12
25 197 8 10
35 198 9 11
32 210 11 11
51 206 9 12
75 204 7 9
92 200 9 9
130 204 7 12
100 216 9 12
76 222 7 10
175 191 8 14
266 264 12 17
230 243 14 21
116 201 7 8
154 198 8 10
183 255 11 15
196 192 8 13
218 246 10 14
106 255 9 15
96 230 7 10
123 335 22 26
198 248 13 17
262 233 11 12
288 246 15 18
60 260 12 14
59 350 19 23
22 236 12 14
52 234 11 13
67 229 11 13
26 260 15 17
