170 248 7 9
193 243 8 10
214 226 6 8
207 259 11 16
259 266 13 11
233 240 9 12
269 281 10 14
295 263 14 17
289 235 8 11
304 229 7 11
336 228 7 9
361 266 12 15
334 255 11 15
351 247 8 13
381 238 7 11
400 254 10 12
429 287 13 18
403 325 15 24
341 290 11 12
417 235 8 11
434 226 7 11
458 235 6 12
482 234 8 10
471 249 9 9
462 265 12 11
566 266 10 14
594 257 9 13
621 260 11 9
660 332 13 18
661 279 11 14
703 291 11 18
709 240 7 10
742 246 7 10
633 221 5 6
793 210 60 107
784 278 5 7
774 302 6 7
763 260 5 7
774 270 3 4
16 358 10 39
17 348 18 26
56 356 17 28
73 348 18 24
96 326 16 14
54 298 12 16
76 275 8 11
98 283 11 13
124 272 9 14
141 259 9 12
125 261 7 8
171 265 10 14
179 286 10 12
187 284 11 13
165 330 15 16
170 372 20 27
223 337 16 26
236 335 14 26
253 356 15 26
162 248 6 10
502 170 5 6
664 239 7 10
767 281 4 7
657 259 7 7
479 264 8 10
447 256 8 13
289 295 13 18
219 299 9 15
