660 494 8 16
764 556 16 22
698 579 9 13
9 544 18 23
109 474 10 13
64 478 11 15
46 408 12 16
103 410 8 11
419 445 8 10
300 596 11 16
397 440 7 8
392 429 8 9
400 482 7 9
412 465 6 9
244 430 6 9
152 565 16 19
23 449 9 12
330 429 6 11
337 425 9 13
368 480 9 13
376 475 9 10
479 464 7 14
34 566 9 23
56 563 17 23
149 424 12 13
200 495 13 16
191 512 9 14
199 541 12 15
277 623 13 20
731 584 15 20
792 535 15 16
746 608 11 20
140 493 13 16
133 550 13 15
256 514 9 13
289 504 9 13
344 497 9 13
295 470 7 12
277 480 7 10
344 471 8 10
307 446 12 14
354 451 12 12
392 484 8 11
221 512 9 15
295 497 10 15
860 511 12 16
705 479 7 10
764 447 7 11
842 449 7 10
896 459 10 13
798 649 16 21
899 658 16 21
921 537 13 12
974 503 9 13
951 523 10 18
872 463 8 11
864 495 9 14
895 486 9 14
960 534 10 20
959 643 15 24
1002 454 8 11
987 474 10 14
907 489 9 12
54 448 9 16
219 454 9 15
206 436 9 12
245 464 9 12
177 493 9 11
629 444 10 13
662 458 11 13
684 460 9 12
689 507 11 15
715 511 11 13
764 556 14 20
717 581 13 19
8 478 8 16
10 476 10 15
63 506 8 14
56 507 9 15
27 471 13 7
83 477 10 11
167 557 9 17
335 523 14 14
243 558 9 20
247 584 13 17
263 559 10 16
262 452 7 9
506 442 7 11
26 669 24 10
20 632 13 20
71 590 16 24
134 588 14 18
127 618 9 17
27 495 13 16
39 481 12 13
46 469 10 12
209 596 14 19
383 502 10 10
255 483 9 14
4 412 8 11
34 450 6 11
83 414 9 12
192 431 14 14
219 454 9 15
206 436 9 13
248 464 7 12
162 628 23 24
203 626 26 28
111 413 9 10
925 588 13 21
104 538 12 17
960 441 7 11
699 551 10 15
235 536 14 13
139 475 11 12
157 451 8 12
