104 1332 16 20
79 1327 12 15
44 1323 12 14
42 1338 13 15
35 1353 16 13
31 1337 8 15
141 1279 14 16
78 1276 12 15
39 1282 14 18
39 1269 13 11
62 1269 12 16
79 1255 10 11
160 1268 12 15
114 1256 10 15
113 1234 11 13
101 1244 12 13
81 1228 11 15
64 1228 13 17
50 1238 10 10
50 1212 12 15
206 1281 8 15
127 1228 10 14
175 1226 12 12
160 1243 11 12
18 1167 14 14
10 1190 7 16
97 1169 15 15
124 1186 9 12
142 1175 11 14
20 1106 10 13
145 1151 13 14
108 1115 13 14
43 1095 10 13
41 1072 8 10
54 1061 8 9
16 1053 7 8
12 1051 5 12
24 1044 9 9
92 1093 10 11
95 1071 9 12
82 1053 8 10
94 1047 8 11
112 1057 10 10
118 1052 8 9
121 1050 9 9
129 1076 9 11
138 1065 9 11
127 1099 10 12
160 1088 10 13
151 1119 9 12
181 1138 9 13
195 1137 9 12
200 1130 12 12
168 1203 12 16
193 1155 9 12
220 1123 9 11
175 1113 10 12
179 1111 8 9
197 1086 9 12
164 1070 8 10
179 1069 9 11
193 1069 11 12
166 1051 10 12
173 1040 10 14
204 1066 10 13
209 1057 10 13
200 1047 10 11
229 1055 11 12
226 1041 8 12
211 1038 10 10
237 1032 9 10
240 1050 10 12
247 1044 11 13
260 1036 10 11
160 1189 16 16
43 972 8 9
59 967 10 11
65 968 9 8
74 962 7 8
75 1029 7 8
103 1018 9 13
118 1014 8 9
132 1011 8 9
153 1020 8 10
104 995 9 11
192 1032 8 10
208 1017 8 11
182 1024 8 10
219 1018 6 10
238 1017 9 8
256 1010 8 10
258 992 8 8
208 984 9 9
220 979 7 9
183 997 5 10
104 953 10 9
200 970 7 7
32 828 6 7
35 797 5 7
259 962 6 10
264 964 8 7
233 953 9 10
254 946 8 8
259 950 5 6
272 954 9 8
230 935 8 8
241 937 7 7
230 941 4 5
204 938 8 8
193 958 8 10
193 911 5 11
201 914 8 7
257 920 8 9
311 931 10 13
268 903 6 7
259 903 6 7
286 897 8 10
279 884 7 10
260 870 8 8
290 875 6 6
210 870 6 8
144 872 8 7
304 864 7 7
279 854 6 6
228 842 7 6
264 836 7 8
277 832 9 9
301 850 8 8
310 847 8 6
328 830 7 8
343 832 6 5
308 821 7 8
297 819 8 6
267 826 5 6
255 821 6 7
246 820 6 6
224 821 8 6
179 821 5 8
215 848 8 8
200 858 8 6
289 826 6 7
281 818 6 8
288 815 6 7
298 809 7 6
305 808 6 7
312 801 7 8
286 807 7 7
280 811 7 6
260 808 5 7
264 801 6 5
258 796 6 6
216 788 6 8
277 794 7 8
296 793 7 7
290 794 6 7
324 790 6 6
330 781 6 10
290 784 5 5
233 761 7 8
218 771 9 7
228 757 6 10
258 758 7 6
328 820 7 6
538 1287 13 15
308 1321 9 14
386 1299 10 14
552 1326 10 16
900 1325 17 20
875 1331 14 17
797 1348 12 15
772 1319 13 15
800 1288 13 18
753 1317 14 13
725 1343 11 14
698 1347 16 17
668 1349 11 13
626 1338 11 15
661 1333 13 13
697 1320 14 18
703 1292 13 17
670 1289 10 19
656 1308 11 12
769 1281 13 16
726 1277 12 15
683 1273 12 13
638 1260 13 17
664 1264 12 13
602 1269 12 13
630 1235 13 18
627 1234 9 13
660 1255 9 12
715 1256 12 12
750 1265 11 13
774 1222 12 19
710 1219 10 14
672 1226 8 15
614 1228 11 13
592 1208 13 14
573 1203 13 13
626 1196 12 14
653 1195 12 17
677 1208 9 13
699 1195 10 11
742 1194 12 13
764 1196 12 18
728 1178 12 16
642 1175 11 15
594 1164 13 15
645 1154 10 12
666 1159 8 15
722 1168 11 14
668 1140 9 12
720 1121 10 13
733 1107 7 9
752 1096 8 11
686 1102 12 16
705 1103 7 8
696 1075 9 15
680 1073 11 13
657 1063 9 9
636 1071 10 10
608 1080 10 9
638 1110 9 10
594 1080 9 12
687 1050 11 12
646 1044 11 14
607 1043 10 13
590 1055 7 8
628 1026 10 8
574 1024 9 8
571 1004 9 8
586 1006 8 10
604 1006 9 10
624 1012 10 11
690 1022 8 12
701 1011 7 8
689 1000 8 12
645 998 11 13
606 994 7 8
620 979 9 10
633 982 7 9
597 987 9 11
576 985 6 7
557 980 9 8
571 972 8 10
580 955 7 8
601 951 9 9
614 962 8 8
642 943 7 7
665 945 8 8
617 939 7 10
630 928 8 9
607 936 9 8
591 922 8 8
598 906 8 9
610 911 7 7
627 915 7 8
633 916 6 7
653 921 7 7
640 922 7 9
655 931 6 6
594 886 7 7
623 895 7 9
631 900 8 9
648 890 6 7
639 887 7 7
535 914 7 8
543 865 8 9
574 868 6 10
589 867 5 7
608 874 6 9
600 877 7 6
597 872 6 6
635 870 6 8
609 864 6 6
584 832 7 9
345 752 4 5
352 747 4 5
858 1225 12 13
898 1203 14 21
945 1155 11 14
986 1162 10 13
917 1137 11 13
872 1174 9 13
835 1091 12 16
827 1090 12 12
822 1063 9 11
838 1055 10 13
973 1047 10 15
888 1027 8 11
923 991 9 11
792 1013 11 13
811 1010 11 12
828 1003 9 12
845 975 8 11
844 961 8 8
829 950 8 10
820 944 8 8
872 906 8 9
797 971 8 9
789 964 7 9
768 955 7 9
789 950 7 9
770 941 7 10
747 951 8 9
755 925 8 9
748 914 7 10
775 903 6 8
801 874 6 7
826 869 5 8
741 903 6 7
728 898 8 10
712 897 6 8
712 884 7 8
733 878 6 8
704 886 6 7
721 869 6 8
715 860 6 5
698 844 7 8
671 858 6 8
726 833 6 8
690 841 5 8
683 859 6 7
678 853 6 5
671 848 5 6
677 826 5 7
637 843 6 6
628 812 6 7
647 816 5 5
661 824 5 5
694 826 6 7
690 821 5 7
693 808 6 7
678 805 6 9
663 793 6 7
692 798 6 7
704 788 5 5
639 832 5 6
644 831 5 6
651 831 6 5
654 822 5 7
699 829 5 6
704 814 5 7
664 810 6 5
620 789 5 6
637 776 6 7
587 771 4 5
648 779 5 6
675 775 4 5
686 789 6 5
646 760 5 5
642 769 6 5
365 995 9 11
453 1009 7 10
526 1003 9 8
441 970 8 7
510 812 5 6
508 803 5 6
497 807 4 6
619 1161 10 16
0 1329 10 14
0 1266 6 17
120 926 8 10
111 917 7 10
106 915 6 9
102 905 8 10
126 883 8 9
100 875 6 8
