62 286 10 13
89 271 13 15
30 210 10 14
47 215 10 11
61 210 7 9
80 215 10 9
98 210 7 8
122 209 7 10
127 231 9 11
137 211 9 12
149 211 6 9
172 214 10 14
192 214 10 11
210 204 8 11
225 210 8 8
233 224 9 11
255 207 8 8
259 218 8 9
283 204 9 11
288 211 11 14
300 208 10 11
336 209 7 8
351 217 9 8
364 209 8 9
367 217 9 13
376 207 8 10
383 220 9 12
310 264 9 9
396 223 7 7
404 219 7 11
446 213 9 13
426 277 11 9
478 215 10 12
486 222 6 8
493 217 7 10
519 219 9 11
546 228 9 11
581 216 8 10
597 226 7 10
630 224 9 10
636 244 21 25
681 228 9 11
682 276 8 9
691 216 9 10
708 223 9 10
718 220 10 11
763 295 10 12
743 214 11 14
780 215 8 13
821 219 9 13
838 227 10 11
859 222 10 12
872 226 10 13
896 226 9 10
913 230 10 16
947 226 8 11
968 219 11 12
996 238 11 11
837 275 14 11
896 276 22 25
3 193 12 12
899 241 9 10
409 207 6 8
