786 6 8 11
821 17 8 13
796 5 6 7
674 28 8 10
533 13 6 12
562 34 5 9
616 6 8 10
173 627 11 13
47 590 11 17
733 31 6 8
374 32 3 8
261 34 5 7
248 36 7 8
291 137 8 11
247 164 11 13
97 37 7 11
139 51 5 7
48 43 10 12
294 177 8 9
344 214 10 10
326 216 9 11
364 242 9 12
386 251 8 11
422 283 7 14
451 304 5 10
484 324 8 13
504 318 9 14
651 309 7 10
716 336 10 15
750 279 7 10
758 288 5 11
632 332 7 9
627 312 5 11
566 328 5 10
763 187 4 5
817 225 8 9
845 223 5 8
832 239 7 9
918 334 7 12
842 319 10 14
57 305 7 9
80 325 8 9
56 324 8 9
142 347 10 11
183 380 8 14
280 402 8 13
475 542 4 8
497 578 7 10
452 560 8 12
366 478 5 7
749 575 9 12
709 600 11 12
851 560 6 12
129 526 8 10
200 550 8 10
37 605 10 10
78 543 7 10
477 9 7 11
480 51 7 10
316 45 6 9
339 51 6 8
363 37 5 7
161 96 11 13
199 119 9 13
235 98 7 10
64 282 6 8
15 297 8 11
