801 285 24 29
854 291 22 28
100 256 14 29
866 251 20 28
918 283 29 34
951 294 25 30
966 236 20 25
1001 262 23 39
835 277 19 29
353 232 13 13
87 214 15 17
122 238 17 21
5 264 23 26
36 273 22 27
61 254 19 29
36 249 14 17
75 261 25 28
126 265 21 25
148 249 16 23
160 260 16 20
167 266 25 29
168 212 13 19
177 226 16 21
215 210 16 16
218 230 15 23
114 222 13 17
224 262 19 24
245 256 22 30
527 267 15 24
537 268 22 29
575 272 23 30
609 273 22 29
618 316 25 30
634 282 23 26
649 237 14 15
679 220 9 15
686 223 13 16
691 276 25 30
509 266 20 28
474 309 24 29
689 248 21 24
723 283 26 33
763 249 20 25
759 325 23 29
782 272 20 25
250 215 14 18
301 213 12 17
326 219 17 18
372 219 13 16
297 263 23 26
321 258 13 25
334 264 15 28
342 254 23 32
274 292 24 32
385 217 11 16
405 193 13 16
398 226 13 18
438 219 16 18
451 220 10 16
474 229 12 16
495 224 14 16
486 241 14 19
387 263 20 26
421 257 16 26
432 261 18 27
447 271 23 29
527 220 13 14
584 229 11 15
600 226 14 14
594 243 12 16
49 212 17 20
42 223 16 17
44 235 17 19
714 262 20 25
