253 416 36 47
161 567 20 30
61 574 24 35
25 242 11 21
41 258 13 24
57 282 11 19
83 302 15 24
122 292 14 20
143 314 16 25
194 322 13 19
285 339 13 18
313 350 12 19
390 347 11 18
475 353 12 16
943 507 8 17
926 535 11 19
610 455 8 10
494 457 7 10
506 440 7 14
514 430 5 10
58 223 12 18
68 270 12 20
73 249 11 19
84 256 11 13
82 273 10 19
92 240 17 30
134 264 10 18
144 273 8 13
175 292 10 22
188 296 8 11
199 302 4 10
219 310 12 18
321 335 12 16
342 349 8 17
330 350 8 13
643 454 7 10
624 452 9 12
584 456 8 11
830 554 11 18
888 554 15 24
859 521 13 18
707 581 14 21
661 559 11 24
846 546 11 18
867 550 12 21
250 315 11 17
749 511 9 16
765 502 10 16
807 497 8 17
559 456 9 10
682 463 7 12
695 453 6 15
707 452 8 13
87 494 18 23
32 456 22 30
21 505 24 29
