463 210 39 43
1 332 19 48
45 446 40 58
130 444 38 47
0 460 33 47
57 387 37 47
170 508 41 49
671 272 39 53
163 5 22 35
207 12 24 33
161 144 40 45
213 110 33 41
108 270 37 44
159 273 33 45
50 113 34 54
35 85 38 44
147 231 27 37
220 194 32 39
326 64 35 43
817 274 43 51
824 492 35 51
914 530 41 55
798 4 34 37
604 12 25 21
544 14 24 37
838 344 36 45
797 399 31 49
859 427 41 45
663 490 41 59
546 506 43 46
620 531 30 48
746 562 35 43
815 565 47 59
726 595 31 30
427 477 41 51
188 390 34 38
990 337 33 42
1002 415 22 57
992 114 32 38
195 311 37 40
425 205 26 30
604 182 34 47
665 153 34 45
735 236 40 45
964 490 36 47
912 452 33 45
882 306 37 50
954 352 41 45
966 281 39 51
874 171 36 38
938 150 37 40
953 213 40 44
861 242 35 44
262 555 42 51
338 559 38 36
406 582 37 43
457 510 41 55
549 567 44 51
488 384 44 45
511 437 34 43
593 445 43 40
568 340 33 49
590 382 42 51
618 317 34 41
785 84 34 42
675 12 29 38
733 284 35 46
709 323 39 49
557 241 29 43
454 289 38 44
479 256 33 44
418 259 30 46
787 215 42 50
427 66 31 39
471 35 27 43
411 21 30 43
620 94 33 42
670 81 28 40
713 108 32 40
343 1 34 36
48 0 25 10
849 0 26 23
893 0 31 22
