910 614 36 41
932 473 36 38
881 491 37 42
967 434 29 30
801 459 33 30
777 532 28 26
717 402 26 26
698 455 31 43
661 419 26 32
608 458 29 31
625 412 23 33
597 434 23 29
515 442 26 32
530 380 18 26
439 427 21 32
374 423 21 32
380 401 12 17
431 408 21 23
371 369 16 18
409 358 17 20
489 363 17 20
283 440 21 30
226 414 22 30
338 408 20 26
165 420 18 24
126 429 20 24
62 415 19 28
172 388 19 23
200 366 10 13
185 345 12 15
137 348 10 13
15 527 24 30
23 417 19 22
50 403 12 13
64 337 7 10
104 319 7 11
39 311 8 9
276 337 12 13
363 348 11 11
433 332 10 13
405 324 7 11
493 329 11 15
510 320 7 10
648 318 8 9
670 314 7 8
682 324 10 12
684 302 8 9
667 331 12 17
767 314 9 11
781 310 10 12
790 299 7 10
760 299 8 11
780 298 6 7
776 296 6 8
990 268 17 19
380 332 9 12
78 385 6 10
