952 555 19 21
974 573 19 23
865 568 18 25
838 594 8 17
691 545 9 16
710 543 11 15
825 517 10 12
868 516 8 11
881 519 10 12
902 517 9 13
936 525 10 12
997 535 11 12
785 504 7 8
744 508 7 9
724 509 6 8
731 508 7 8
741 548 9 14
974 497 7 8
958 528 7 11
1008 563 10 17
960 502 7 9
710 510 5 8
769 504 5 9
777 517 6 9
788 536 6 10
803 506 5 7
896 557 13 18
997 520 10 10
999 497 7 9
949 518 9 10
970 515 7 10
905 488 7 8
955 496 5 7
480 561 12 19
409 541 11 16
360 561 10 13
377 609 13 27
414 582 14 22
462 615 16 29
556 551 9 16
626 599 12 25
622 521 8 13
515 516 8 10
465 534 8 12
405 522 6 10
389 519 7 11
424 515 6 11
319 591 13 26
443 536 5 10
365 525 5 11
320 525 7 9
502 523 6 10
564 525 6 10
182 587 17 22
123 616 21 27
86 583 21 24
31 599 23 25
43 570 21 20
129 583 16 21
265 583 16 19
209 618 21 22
265 662 26 20
297 627 18 22
309 556 10 16
216 553 11 16
188 561 13 18
183 522 8 11
149 536 10 12
133 526 10 12
172 542 9 13
37 539 13 16
255 525 9 11
219 515 10 11
200 509 6 8
320 539 8 14
65 519 9 9
55 508 6 8
172 511 5 11
214 529 6 12
184 510 6 10
77 504 5 8
6 533 8 13
369 511 5 11
31 504 6 6
552 517 7 8
564 514 6 8
404 498 5 6
752 525 6 10
707 533 7 10
672 536 7 9
884 609 13 28
331 581 11 17
118 522 6 9
102 518 5 9
666 581 15 19
