97 500 17 43
19 486 19 35
55 417 18 33
20 391 26 55
146 370 27 41
173 386 23 51
250 387 24 46
268 417 19 47
230 684 32 70
258 437 18 32
0 334 12 27
4 326 23 28
62 307 19 27
128 303 29 37
111 265 27 28
67 234 21 26
131 252 18 27
149 271 15 23
174 259 22 22
206 271 27 32
186 294 15 24
196 334 21 32
69 337 26 25
71 291 21 25
1 254 15 22
0 278 11 17
18 277 12 12
232 271 14 21
265 274 25 24
244 354 14 19
262 316 16 26
387 284 16 30
337 293 20 27
414 261 26 27
378 351 18 29
479 304 28 39
531 254 22 33
765 306 21 29
605 343 28 75
877 408 24 43
