71 309 20 29
148 327 22 25
214 358 19 22
255 334 22 29
324 321 23 33
231 274 16 20
294 222 10 12
384 252 15 21
423 307 24 30
502 305 24 30
569 309 28 31
580 279 18 23
586 251 14 17
492 256 19 25
613 222 11 14
704 214 11 13
668 296 29 32
779 347 27 32
853 336 30 33
748 253 16 19
809 232 15 20
882 249 15 20
906 225 12 12
813 211 9 11
697 244 15 17
959 224 17 21
982 231 16 21
940 319 28 38
314 222 10 10
282 224 7 9
400 239 9 10
437 228 5 6
549 224 7 6
574 217 10 12
667 191 7 8
656 212 5 6
673 206 4 5
662 212 4 7
521 192 5 5
491 192 4 6
886 208 7 13
750 188 7 8
735 188 5 7
804 203 6 8
0 310 23 26
96 271 15 16
306 245 12 17
527 199 4 6
513 206 6 8
549 198 6 8
560 192 4 6
