963 617 18 28
805 544 26 29
766 567 24 30
932 572 20 28
888 596 22 27
886 542 23 29
852 559 19 30
844 520 22 24
921 493 18 22
981 490 19 23
846 487 19 22
884 660 31 20
931 646 25 28
769 497 18 16
885 461 19 18
961 451 16 18
988 468 16 16
1014 477 10 23
829 476 18 18
901 476 16 14
936 469 16 15
778 466 21 20
753 453 18 17
714 463 18 20
737 478 19 20
737 405 15 16
787 440 17 17
689 413 16 18
633 393 18 19
675 404 15 16
710 407 12 14
770 412 14 15
749 373 14 16
719 429 14 15
671 458 21 22
614 434 17 19
641 436 17 18
736 619 30 33
768 599 21 29
742 540 21 25
725 518 23 21
535 343 11 11
508 341 14 13
491 390 13 15
460 366 13 15
418 395 14 14
447 345 10 11
440 405 14 15
408 420 13 14
384 403 12 14
436 436 15 15
587 386 15 15
554 364 13 14
607 326 13 14
531 404 18 19
962 413 20 19
905 433 19 21
939 377 18 19
997 352 15 17
997 379 17 18
966 350 16 16
813 332 12 14
759 326 13 14
806 361 14 15
800 299 12 15
804 281 11 12
769 300 12 14
717 301 11 13
820 313 11 11
391 366 11 12
413 360 12 11
319 374 14 14
342 362 9 12
391 335 11 12
302 363 12 13
279 386 13 15
641 351 13 14
663 324 12 14
263 370 11 12
256 353 11 12
360 388 11 15
325 336 12 13
111 250 93 111
158 152 26 30
350 327 10 10
330 294 10 10
351 287 8 9
405 296 11 15
361 279 8 8
712 333 9 10
735 309 11 12
796 284 11 13
816 407 15 14
878 362 13 12
786 389 16 10
851 397 13 13
867 419 13 15
955 477 16 18
496 306 11 13
474 324 10 13
487 343 14 16
288 358 12 13
471 346 11 13
301 421 13 17
542 321 12 17
676 367 12 16
570 346 10 13
582 362 12 15
553 350 11 12
556 322 12 15
762 530 19 22
911 336 13 16
998 283 12 14
959 290 9 13
976 310 11 15
303 480 18 19
287 329 11 14
413 382 15 17
453 387 13 17
479 391 14 15
598 321 11 15
411 441 17 21
454 444 15 16
456 284 10 14
473 276 9 10
846 609 18 28
978 572 22 21
957 542 22 23
827 434 13 15
884 388 16 19
706 385 15 18
865 477 17 18
331 408 10 14
615 391 13 17
516 397 11 16
363 311 9 11
613 368 11 13
558 440 18 21
755 415 10 12
