28 212 11 13
196 225 14 14
163 225 12 18
154 257 13 17
166 279 14 13
119 271 15 14
57 263 10 15
60 252 12 16
211 314 13 17
265 283 11 17
276 302 15 19
368 202 6 9
448 188 8 11
485 197 8 9
464 242 12 15
468 270 13 14
433 228 9 9
364 304 14 19
557 198 8 11
595 204 7 10
620 237 11 14
641 222 6 14
649 229 10 13
659 197 7 10
608 253 10 17
610 284 13 14
666 323 12 14
727 299 9 11
709 302 8 11
731 286 10 15
647 309 11 14
688 200 6 8
800 234 11 13
858 245 8 8
856 272 8 12
875 309 16 16
872 233 9 14
910 240 7 9
