4 525 58 78
10 416 34 35
115 421 22 27
149 413 14 17
30 384 14 14
49 385 12 13
149 395 9 11
175 412 12 13
73 401 11 15
97 400 13 14
119 404 12 15
133 502 22 22
179 498 51 55
249 500 74 88
286 416 10 12
258 420 15 17
198 416 17 19
328 420 9 10
351 433 42 45
216 411 15 18
408 420 12 15
404 451 13 17
466 456 38 41
509 427 19 25
532 418 10 13
543 418 9 12
504 488 38 56
563 417 16 26
600 436 24 22
633 447 95 119
729 469 45 65
809 447 20 27
560 512 42 78
830 430 18 19
855 415 39 52
915 413 8 11
930 448 31 37
954 426 23 28
1008 414 10 12
740 417 21 26
