866 602 28 50
662 601 30 46
635 630 28 25
607 582 34 43
654 552 25 33
509 530 28 37
504 628 35 28
593 517 28 41
560 487 31 37
596 473 25 36
507 484 28 30
553 442 22 33
520 447 23 34
702 486 20 35
441 455 25 35
411 514 24 28
393 464 24 29
363 494 30 38
358 485 16 27
331 575 42 43
286 569 36 41
268 530 30 38
325 474 20 31
321 438 24 31
377 419 22 34
312 410 8 12
270 425 10 11
213 597 42 54
169 604 26 48
166 578 20 34
194 505 30 33
135 518 23 30
54 521 18 32
8 479 22 25
21 458 22 32
0 429 20 26
116 457 16 22
3 259 6 11
2 239 8 9
25 242 8 10
31 263 8 11
47 276 7 11
38 299 7 11
54 304 10 10
56 281 9 13
67 299 9 12
58 317 8 12
103 296 9 13
119 295 10 12
130 298 10 13
76 277 9 11
60 239 7 8
77 239 8 10
103 266 8 12
115 259 7 11
126 267 5 9
154 270 7 12
158 294 9 13
197 300 9 10
191 286 9 11
221 308 9 13
252 306 10 12
224 281 6 11
169 261 8 10
192 229 7 10
225 224 7 8
294 283 8 11
319 294 8 14
338 288 9 13
349 303 8 11
281 251 7 10
263 243 9 8
347 276 8 12
155 225 8 13
373 289 7 11
387 263 6 9
409 259 9 10
418 292 8 12
419 276 7 11
411 238 7 9
444 238 7 8
469 281 6 9
455 317 10 13
510 302 6 8
519 299 8 10
476 265 5 10
492 253 6 8
531 251 7 9
526 236 7 9
558 254 7 10
578 256 9 10
604 271 8 13
598 287 7 10
577 321 10 14
707 317 10 14
721 322 12 10
744 258 8 10
684 245 7 10
670 248 9 12
665 244 7 8
836 281 11 13
850 331 10 14
888 329 10 14
936 324 9 12
797 293 6 11
779 276 5 11
784 224 7 12
810 237 6 11
870 252 7 11
894 229 7 10
927 224 8 10
960 299 12 12
960 216 9 11
840 262 8 10
932 208 8 11
976 252 9 14
991 235 8 10
976 222 7 10
980 201 8 12
998 278 8 11
994 199 6 9
1015 105 6 9
998 118 7 8
1003 109 6 10
984 106 7 9
972 142 8 11
943 137 7 9
873 142 8 9
870 178 7 11
907 114 7 10
922 87 7 9
971 80 6 8
997 57 7 10
955 44 6 8
926 63 7 10
896 32 5 9
886 39 6 7
855 55 6 8
864 93 5 9
831 161 9 10
807 106 7 9
818 80 7 10
828 62 7 10
792 57 7 9
779 93 6 7
779 134 9 9
755 146 9 10
695 138 7 9
724 167 10 9
763 83 6 8
753 61 6 8
739 65 6 9
723 41 6 7
735 79 7 7
739 112 9 10
799 101 6 10
761 134 8 10
673 127 8 9
678 61 5 7
671 70 6 8
643 56 7 8
642 81 6 7
625 57 7 9
589 85 7 7
616 111 6 8
639 133 6 7
617 131 6 10
628 170 7 9
582 147 8 8
579 159 7 10
578 127 9 10
598 106 8 9
592 97 7 8
564 87 8 8
560 67 7 9
548 68 7 8
555 35 6 7
549 141 7 10
558 159 6 9
750 183 9 9
698 182 8 11
662 182 7 10
619 181 7 10
590 195 8 8
528 164 8 8
524 175 8 9
527 140 6 9
535 94 7 8
515 106 6 8
485 102 7 10
479 114 6 9
473 138 6 8
455 117 6 8
439 128 8 9
441 109 6 10
517 80 6 7
527 61 5 8
495 73 8 8
491 61 7 9
469 68 5 8
455 79 5 8
437 64 6 8
428 57 7 8
425 82 7 11
389 82 7 8
403 42 5 7
361 40 6 8
404 161 6 8
392 162 6 7
313 46 6 6
301 73 7 8
298 106 6 8
422 177 7 9
419 197 7 8
416 212 7 11
353 202 8 9
279 205 6 8
361 142 7 9
289 114 7 9
266 102 6 8
276 89 6 8
255 87 7 8
222 100 7 8
216 115 6 8
183 123 6 9
202 95 5 9
171 85 7 7
182 48 6 7
245 61 6 7
199 84 6 6
276 58 6 8
237 107 6 8
212 139 6 8
173 173 8 9
162 65 5 8
153 121 7 10
151 170 7 9
106 158 6 9
125 121 7 8
117 115 6 8
122 99 7 9
132 64 7 9
117 63 7 8
101 65 7 8
89 62 8 7
80 66 7 8
67 100 6 8
96 162 8 9
74 185 7 10
79 178 6 8
57 159 5 9
173 190 7 8
197 200 6 8
166 218 7 9
129 197 8 9
60 177 5 8
59 264 5 9
59 60 7 9
48 62 7 8
18 98 7 8
35 58 7 9
10 63 8 7
74 139 5 8
60 118 7 7
33 117 7 9
14 113 6 9
0 133 4 9
19 178 6 10
0 183 3 9
147 211 8 12
207 221 8 8
140 185 6 9
169 206 7 11
259 103 7 8
217 89 7 6
491 230 8 8
406 215 8 9
640 303 10 13
589 275 7 12
728 83 8 10
177 373 15 18
139 381 23 22
294 366 15 20
894 139 8 9
706 55 7 9
719 89 5 7
173 241 9 9
404 231 5 7
477 288 10 14
