507 265 23 22
553 334 31 37
767 397 24 51
222 129 31 38
960 18 23 21
864 71 11 11
901 130 10 11
773 93 9 10
808 117 9 10
902 61 9 10
756 113 9 12
755 164 7 9
787 148 9 10
680 164 9 14
690 150 10 11
616 113 10 12
641 112 10 14
539 123 10 14
589 123 12 14
525 118 10 13
499 124 10 12
414 141 12 11
429 131 11 16
529 184 13 14
558 123 11 11
599 105 11 14
366 153 15 19
284 158 12 19
155 185 20 24
257 172 16 15
274 160 12 20
49 176 21 23
80 204 25 31
100 195 16 23
128 200 14 18
14 206 13 17
650 369 48 27
999 27 14 14
513 145 13 16
454 136 14 11
312 159 14 14
