616 625 98 103
804 607 71 113
947 665 76 63
926 593 94 123
961 528 59 72
481 566 87 141
435 511 80 133
738 444 91 132
653 280 72 117
725 207 66 77
582 73 52 68
567 43 50 59
553 26 44 55
470 21 35 54
683 28 35 43
643 0 26 35
74 561 94 130
582 561 91 145
930 214 73 106
958 125 59 78
824 73 70 87
928 51 53 66
759 135 59 62
756 53 59 68
830 25 34 40
1002 172 22 37
995 454 28 57
389 337 90 112
360 354 64 82
279 550 79 120
256 478 72 92
209 279 81 88
54 257 67 97
7 433 40 135
262 158 68 96
513 159 58 96
464 153 61 77
337 80 66 87
390 124 47 68
127 106 73 99
80 57 60 72
43 30 37 55
267 16 56 73
238 88 61 81
203 19 35 50
130 0 35 46
615 101 55 89
327 37 27 38
