933 32 16 19
915 27 20 20
936 61 16 20
905 65 21 23
880 82 21 23
865 62 24 30
858 51 20 28
832 58 22 25
817 75 24 26
859 119 26 29
915 101 25 26
941 117 29 36
919 196 38 41
879 149 28 39
842 169 36 41
889 221 35 35
845 215 44 41
817 105 25 33
773 54 26 33
783 19 14 13
749 51 19 27
730 80 28 35
729 27 23 24
665 64 25 33
745 146 28 31
799 125 25 29
768 135 29 27
772 157 30 29
753 178 34 39
778 196 33 44
698 218 38 38
767 105 28 26
658 41 17 22
593 42 19 22
578 67 29 22
615 84 28 31
644 77 25 37
657 132 30 35
681 122 27 32
635 131 28 30
567 119 24 28
577 136 30 40
604 161 35 41
661 183 37 38
572 191 37 43
546 222 40 41
541 229 0 2
521 208 31 36
476 34 21 19
467 28 16 23
472 58 15 20
403 73 15 18
414 94 20 24
457 114 26 28
486 127 30 36
339 57 22 29
334 35 20 25
305 49 17 22
323 68 20 23
329 106 29 35
304 107 20 33
338 148 32 45
363 162 35 32
445 152 31 44
248 92 32 39
207 13 15 17
178 28 15 22
186 24 21 26
185 57 23 26
170 78 20 23
210 97 23 25
189 114 21 33
136 98 28 33
108 66 22 25
117 17 14 14
12 36 21 22
29 37 19 22
15 53 18 21
28 60 17 19
67 68 25 25
69 87 27 33
39 79 26 30
23 79 22 32
0 77 20 22
32 148 28 32
0 141 22 38
61 143 36 36
108 147 29 33
145 147 32 41
73 186 38 36
243 182 33 32
172 190 38 45
144 230 33 37
65 211 41 41
36 219 33 42
0 228 30 48
85 235 45 52
110 273 45 45
158 265 37 39
194 264 37 46
234 234 39 44
210 284 44 62
282 171 30 31
271 192 32 43
275 248 42 44
271 263 48 62
347 210 31 32
355 228 42 49
339 287 47 49
405 260 50 59
475 174 36 47
489 243 42 55
532 261 31 36
456 272 32 35
475 297 41 51
641 239 30 30
658 235 46 49
756 252 42 46
706 322 46 55
564 330 50 58
878 308 38 52
895 338 53 66
928 405 50 59
826 434 52 57
822 490 73 62
786 571 72 78
610 412 57 53
670 418 64 70
735 446 64 83
658 528 68 75
378 336 55 56
448 380 43 58
509 373 56 71
485 440 51 69
559 482 54 71
552 574 79 85
332 435 62 58
353 502 63 73
279 430 53 64
253 558 70 80
309 322 55 66
276 329 47 49
117 351 53 61
65 394 52 64
27 372 1 1
4 331 49 61
4 403 54 62
147 481 29 76
0 492 54 68
104 538 46 50
0 564 50 81
460 652 45 34
682 65 18 26
157 404 52 65
925 279 39 54
1015 290 9 41
909 4 21 29
986 6 22 24
716 12 14 20
756 13 16 20
943 2 18 28
27 0 18 17
64 25 22 24
0 30 8 13
