2 84 4 10
27 119 24 28
7 135 9 18
99 102 12 12
15 143 22 35
0 300 43 52
72 183 23 43
193 121 18 23
209 270 28 55
211 148 20 35
311 171 25 42
167 103 9 11
226 97 16 23
301 94 14 14
307 108 14 20
370 172 25 34
420 135 25 31
390 198 33 55
407 233 47 72
473 162 39 43
553 237 44 61
516 144 23 31
517 112 8 17
570 162 24 37
597 169 24 47
598 138 13 20
630 105 13 17
639 127 25 32
648 274 46 42
692 136 24 32
720 162 30 46
703 95 9 10
811 186 27 39
775 127 15 17
828 116 12 16
802 130 9 22
859 96 10 13
737 99 11 15
838 152 12 23
840 160 19 42
909 112 15 20
862 119 13 9
910 171 24 33
882 92 8 10
921 235 30 49
976 134 16 27
991 145 18 30
919 95 12 15
746 270 37 56
833 310 57 42
1007 98 13 13
107 284 55 68
114 153 26 44
508 86 11 15
