12 209 35 35
0 305 27 67
103 140 23 23
100 207 33 32
93 245 33 38
155 204 33 38
136 204 24 20
159 168 24 23
194 192 26 37
209 140 24 25
266 219 32 44
220 247 35 45
151 269 40 45
86 297 49 48
183 375 51 59
195 403 65 67
100 470 71 69
218 497 70 69
328 472 40 48
260 362 59 57
303 277 44 46
280 290 30 41
357 229 33 37
329 218 29 43
341 193 25 26
292 199 25 22
306 169 23 27
393 241 42 42
369 288 44 47
411 193 36 40
432 310 36 50
421 291 39 46
384 319 51 58
506 357 42 57
503 302 50 57
482 321 48 44
536 260 36 49
481 206 39 46
568 242 33 30
601 273 32 36
646 266 41 43
605 325 49 65
672 337 44 53
596 423 54 54
646 437 52 61
650 490 60 73
703 498 40 61
494 425 55 61
550 374 41 55
436 470 65 51
496 520 81 56
39 186 37 38
736 285 23 40
714 403 39 59
762 319 40 47
748 360 49 53
750 415 48 60
807 480 63 80
942 406 54 60
902 353 42 45
900 405 39 54
837 387 43 51
867 340 40 46
948 227 31 45
1004 220 20 24
926 212 30 27
885 211 27 27
923 171 23 28
961 152 17 32
907 131 19 23
1004 125 18 34
807 263 34 49
