616 71 11 15
563 72 9 12
571 93 17 20
533 69 7 9
510 70 7 8
700 82 10 16
713 81 10 11
766 66 16 19
502 109 42 53
652 144 29 50
702 131 51 58
787 82 29 35
802 109 34 40
884 94 35 37
921 106 22 21
862 89 10 18
878 97 11 16
969 76 14 26
985 87 27 28
1015 90 9 20
777 285 78 104
464 364 64 76
428 76 14 20
259 118 51 69
459 75 7 10
248 83 10 15
242 94 12 15
219 100 11 14
220 111 22 26
165 127 50 52
110 93 26 33
132 287 84 93
1010 179 13 44
486 96 11 15
515 86 10 12
482 114 18 31
635 69 7 10
651 71 8 9
744 77 8 11
703 69 4 6
