331 519 14 19
381 477 14 13
376 514 12 16
302 610 15 18
331 606 21 26
325 645 16 18
375 631 20 25
364 602 14 15
378 572 15 16
412 562 18 22
429 624 20 20
445 613 17 9
434 593 14 17
412 658 21 14
453 643 17 19
481 642 16 13
491 634 17 13
521 634 8 11
530 617 18 27
507 576 14 19
521 573 20 25
524 529 13 15
547 527 16 17
572 539 13 15
560 499 13 21
549 479 14 15
415 481 12 14
443 481 9 14
453 487 11 16
494 475 14 18
512 502 13 17
762 625 20 22
802 646 19 22
723 631 20 16
697 592 16 13
623 628 21 19
657 642 26 21
698 652 13 15
745 636 21 34
732 647 22 25
625 612 18 14
603 664 28 8
302 664 23 8
897 284 8 10
933 284 10 10
929 312 9 10
861 327 10 10
929 327 10 9
906 323 7 15
554 420 10 12
567 430 12 16
986 262 9 15
969 264 8 12
681 164 5 8
699 168 5 5
702 154 5 5
732 169 4 4
518 283 7 9
968 217 4 4
974 216 7 9
973 197 6 9
784 265 10 9
826 280 8 10
821 275 8 9
824 270 11 6
807 278 8 10
753 272 8 11
871 240 8 9
835 250 7 9
685 253 7 11
667 252 9 10
654 197 6 9
703 220 5 6
674 211 6 11
710 198 3 5
702 203 6 6
728 252 8 10
720 258 8 9
716 250 6 6
721 244 3 4
685 242 7 10
695 246 9 8
742 244 9 6
727 234 8 10
896 203 6 6
756 172 3 3
793 172 5 7
791 175 5 9
818 191 6 7
865 182 6 4
882 183 9 7
806 169 6 6
867 225 5 7
880 225 5 5
828 190 8 10
844 201 7 6
843 164 6 6
805 298 11 6
801 291 4 7
233 463 14 18
232 485 16 18
157 545 14 20
202 541 18 19
137 583 22 25
160 593 14 17
181 617 19 16
183 655 23 17
218 625 19 18
243 604 16 22
205 587 13 20
249 566 14 16
280 526 16 17
300 520 14 17
302 561 18 18
532 493 15 19
595 545 11 7
597 556 19 9
616 526 16 22
649 530 14 15
686 505 17 18
628 473 14 15
638 486 13 20
683 478 14 16
724 475 14 16
661 566 13 14
674 546 9 14
618 569 15 22
654 603 16 18
710 573 16 16
741 547 17 22
768 544 18 18
778 523 17 17
954 639 27 31
930 643 17 24
901 644 30 27
956 592 16 20
915 608 17 11
911 578 14 17
858 599 17 16
843 631 24 28
833 541 17 22
807 567 14 24
786 563 16 18
756 576 17 23
761 597 19 18
739 228 8 9
679 223 9 10
684 215 10 10
761 264 6 7
769 265 6 6
759 251 5 6
769 237 8 8
764 228 8 7
791 232 7 7
799 245 6 7
796 239 6 7
808 245 4 6
738 192 5 5
762 210 4 11
779 205 8 9
794 220 5 6
825 241 6 6
843 225 5 7
847 245 5 5
862 243 5 4
889 233 6 6
894 246 7 9
932 248 7 7
914 230 6 10
935 209 6 7
946 210 6 6
947 192 5 4
939 200 4 6
925 187 4 6
928 204 3 6
890 191 5 6
534 300 8 9
455 398 13 13
493 433 7 13
502 442 13 9
512 388 10 11
549 398 11 15
515 366 7 11
559 357 12 13
569 288 8 8
578 330 10 13
583 315 10 12
542 259 6 9
565 249 7 7
859 292 9 10
877 289 8 9
592 458 13 16
608 435 12 14
644 464 12 12
702 462 14 18
555 384 13 15
564 469 13 14
601 382 11 13
590 385 9 11
657 334 8 7
594 346 10 12
623 378 11 13
638 386 12 15
673 370 12 14
680 395 11 8
687 419 12 18
713 391 11 11
740 397 9 13
596 289 7 8
601 278 6 8
606 316 8 11
613 288 7 9
787 321 9 10
804 303 8 12
821 325 10 9
682 352 10 12
672 318 8 11
583 231 7 8
597 245 7 8
654 275 9 11
686 310 9 10
679 300 9 11
721 314 9 13
686 283 7 9
693 271 7 10
751 287 8 10
761 300 8 9
771 297 10 8
852 268 10 11
610 250 7 9
629 249 8 6
964 234 6 6
940 231 7 7
953 218 7 7
962 218 4 5
851 218 11 13
936 219 6 6
792 282 6 5
641 239 8 6
570 302 7 6
723 353 7 7
747 324 7 7
486 531 16 18
413 529 15 21
390 618 13 22
281 594 18 26
219 596 7 8
831 577 14 18
332 227 7 9
680 205 5 8
689 206 8 5
975 254 6 6
992 256 8 10
1002 259 9 11
888 273 6 7
840 331 8 9
918 332 6 7
780 253 5 7
735 271 8 9
817 204 7 8
774 188 10 11
740 200 8 8
766 192 7 11
789 200 5 9
871 192 8 12
885 204 6 7
889 218 5 6
897 217 4 6
921 200 6 7
912 197 6 6
903 208 5 8
956 209 4 5
956 244 6 7
953 249 6 6
865 213 5 6
836 203 6 7
855 191 5 7
841 191 6 6
807 219 6 7
795 205 5 8
828 208 8 12
776 219 8 9
765 251 8 9
776 249 7 9
735 208 12 16
755 205 8 11
750 156 7 11
800 149 5 5
812 158 6 6
820 232 4 5
804 235 4 5
929 228 4 6
931 221 4 5
1016 225 5 8
655 222 6 6
689 167 6 7
668 175 4 6
768 174 6 6
746 177 4 6
777 157 3 5
974 154 3 5
694 145 7 7
207 638 11 16
844 614 15 13
464 552 10 14
840 306 7 5
1000 220 6 7
692 300 7 7
968 489 14 14
30 660 23 12
