707 370 45 86
889 288 51 78
225 520 85 56
83 331 35 71
282 329 38 77
411 299 33 76
516 200 58 87
572 146 38 64
400 128 41 61
223 127 45 65
192 121 52 63
2 195 45 86
525 426 57 87
743 178 42 75
712 205 31 49
740 143 44 48
858 166 46 59
828 129 32 45
909 106 36 50
919 176 34 69
991 152 30 65
950 138 41 44
400 198 53 85
297 127 30 61
236 80 32 44
121 94 34 42
80 165 37 71
0 109 16 56
387 52 36 55
462 76 33 62
311 13 30 39
120 14 24 39
14 17 23 40
135 52 24 30
156 60 21 27
692 95 28 44
654 90 21 32
545 73 25 40
715 5 24 26
892 55 15 18
865 74 20 21
675 62 20 23
724 54 29 37
627 0 18 15
596 2 12 17
141 235 40 70
231 6 17 30
179 11 16 29
118 428 45 82
962 76 16 20
907 38 14 16
