26 103 13 17
25 130 19 18
140 143 23 33
173 127 17 19
131 121 15 15
109 129 16 15
119 146 20 23
126 103 11 11
168 102 10 11
68 96 7 9
69 130 16 20
241 122 20 23
200 122 10 12
187 103 8 17
283 155 18 29
387 133 15 23
344 95 13 14
356 88 10 12
411 107 12 16
439 126 11 17
448 115 13 20
471 148 26 33
380 185 30 37
580 152 16 31
523 120 13 18
540 93 10 11
639 164 20 35
692 146 28 35
758 119 17 22
786 113 14 15
804 216 16 38
834 203 32 37
960 104 16 20
999 143 15 30
476 227 15 22
263 232 14 20
432 98 10 11
311 171 15 23
570 122 14 18
598 115 12 17
528 108 10 12
379 103 10 12
281 123 14 17
239 84 12 14
159 219 9 15
98 91 6 6
158 60 6 7
167 64 4 4
62 96 4 4
53 98 6 7
20 79 5 6
88 97 6 5
399 165 12 14
293 89 7 11
289 103 8 9
12 88 10 12
4 112 10 13
