82 278 8 9
96 273 10 17
85 311 10 11
116 349 11 16
157 321 11 16
173 347 16 19
207 309 14 21
266 349 15 20
213 353 14 16
132 304 12 13
98 351 20 21
157 284 12 16
177 309 14 15
47 345 12 16
355 295 10 11
390 304 10 14
339 324 12 11
311 294 9 13
386 369 18 23
399 352 12 15
350 364 13 18
295 322 14 20
292 360 22 28
256 404 23 31
402 401 18 25
388 288 7 10
300 266 13 13
277 264 11 11
420 294 13 16
437 355 12 18
439 310 11 15
472 284 9 10
454 278 10 15
711 298 10 12
760 352 18 25
786 348 14 21
825 286 11 14
847 298 14 17
772 301 14 14
796 290 11 14
855 331 17 19
687 303 14 11
743 289 9 13
741 329 14 15
920 292 13 15
899 300 11 13
921 348 20 22
795 409 19 31
886 439 22 48
934 423 19 21
842 374 20 26
67 423 28 46
149 418 30 33
101 391 27 30
63 491 33 52
257 493 35 55
290 431 31 39
726 396 13 20
361 418 24 31
415 449 25 39
212 380 16 27
192 410 25 38
