766 420 19 21
863 449 21 24
915 434 18 24
624 456 18 24
528 393 19 27
485 361 18 23
501 449 18 24
442 457 21 31
460 485 20 27
481 401 16 22
423 428 17 19
433 412 17 25
424 369 16 22
448 365 14 21
386 404 14 23
336 389 15 22
353 346 18 21
370 345 14 23
452 295 14 22
368 303 16 24
314 264 17 19
331 202 15 17
265 207 15 21
276 265 17 23
227 253 17 21
222 275 20 24
239 311 18 23
299 319 17 20
299 337 19 20
249 349 15 18
229 363 18 20
239 383 15 25
272 398 17 24
382 439 17 23
364 429 18 24
316 439 20 24
242 422 20 25
171 451 20 27
158 408 17 24
166 334 20 23
129 430 16 23
96 448 19 25
41 449 18 23
22 462 21 23
23 435 13 18
42 423 18 21
147 382 20 27
185 306 19 23
188 225 14 24
170 258 17 21
132 294 18 25
155 303 16 21
65 338 19 23
12 354 19 25
26 312 18 23
23 257 17 23
41 238 17 25
74 323 16 21
82 290 18 20
89 267 19 19
104 239 17 22
0 209 12 21
