683 414 31 37
966 556 58 53
805 424 40 42
968 353 31 40
903 371 29 38
980 306 20 25
932 322 27 31
893 306 17 20
916 293 18 22
1013 296 10 23
1007 260 15 18
968 262 13 16
909 264 13 16
934 266 9 10
945 249 9 11
990 253 10 13
1008 244 9 10
1016 235 7 10
978 244 9 11
988 235 8 9
1008 220 7 8
953 231 8 11
941 237 6 10
924 233 9 11
899 234 12 14
885 254 11 16
864 265 14 17
839 285 16 18
965 220 7 9
914 224 8 9
899 215 7 7
918 196 8 8
881 241 9 9
875 229 9 10
885 211 7 10
904 213 7 9
873 213 6 8
860 211 7 9
912 206 6 7
808 324 28 32
825 302 17 22
731 342 28 36
765 301 21 26
839 244 12 14
817 266 13 15
785 278 12 17
765 284 15 16
729 295 15 17
740 279 14 19
773 250 12 15
818 218 9 9
794 242 9 9
783 209 6 7
756 219 6 6
760 204 5 6
775 210 6 7
764 241 9 13
731 257 12 13
700 253 12 14
702 237 10 12
704 224 7 9
745 226 8 9
785 227 7 8
793 219 5 7
785 218 6 7
779 220 6 7
772 222 5 5
764 197 4 5
726 231 8 10
722 208 6 8
710 202 6 7
742 204 6 6
746 210 6 7
757 208 6 7
735 207 6 7
727 197 5 7
875 200 5 5
896 184 4 5
854 184 5 6
834 180 5 7
814 176 5 7
753 174 5 6
779 173 5 6
538 446 44 49
676 308 28 31
461 378 35 40
601 330 25 33
627 317 19 17
493 319 23 32
531 303 22 26
566 289 19 23
452 303 19 21
681 269 16 19
655 279 20 24
677 254 11 11
652 247 12 12
605 270 17 21
620 256 15 16
672 225 9 10
651 225 8 10
610 254 8 10
632 251 8 6
631 232 9 10
595 235 9 13
573 274 17 17
571 243 12 13
611 228 6 9
573 231 9 10
566 237 6 12
550 232 8 12
662 219 7 8
695 213 5 7
653 216 6 7
636 215 7 7
634 223 9 9
624 211 8 10
608 214 9 8
579 217 9 8
664 203 6 7
683 210 5 7
531 282 18 18
512 262 16 18
510 243 13 13
522 235 12 13
557 245 8 11
534 229 9 12
543 212 7 10
515 231 9 10
486 257 12 16
483 238 11 11
493 230 9 13
489 225 8 9
501 213 6 9
462 249 14 15
446 268 18 22
458 233 10 12
490 215 6 8
483 217 6 8
453 225 7 9
451 216 6 7
461 222 7 9
349 477 51 44
320 364 32 40
390 332 26 30
284 336 30 34
399 302 23 24
331 300 21 26
276 294 19 21
360 273 17 19
328 266 15 19
427 258 14 15
294 277 15 14
397 246 12 15
374 252 14 12
321 257 15 14
270 278 14 14
282 248 10 13
247 257 15 18
261 257 14 15
357 251 11 13
422 241 10 10
429 244 9 12
41 602 75 73
46 482 46 51
184 377 36 37
118 341 28 32
218 331 24 30
0 361 13 34
186 314 23 28
121 298 21 23
73 313 23 27
23 298 24 26
0 281 14 21
96 280 18 20
151 276 15 15
197 277 18 17
53 279 21 22
25 278 16 17
129 277 15 14
101 247 14 16
72 269 15 12
25 265 16 16
230 235 10 12
262 235 9 9
253 241 7 8
185 234 12 14
199 232 11 12
155 235 14 18
134 233 15 15
168 235 9 10
175 217 9 10
220 214 9 10
255 230 8 10
221 229 10 12
246 216 6 8
275 227 9 14
210 232 7 8
207 220 6 8
158 216 7 9
188 216 8 9
357 233 10 12
375 243 9 9
401 227 9 12
426 228 9 8
306 233 12 13
293 232 9 11
374 233 8 9
412 233 8 10
423 218 6 8
409 222 6 7
412 209 6 8
402 210 6 6
333 220 8 9
316 222 11 10
371 221 8 8
354 219 7 7
348 221 5 6
363 221 7 7
392 210 5 7
394 221 5 9
383 215 5 6
375 211 6 6
284 216 6 8
277 216 5 6
294 213 5 7
301 207 5 8
311 210 5 7
338 214 5 6
437 213 5 6
439 220 5 6
348 205 4 4
382 203 5 4
323 211 4 5
309 203 6 6
101 193 13 14
130 181 9 11
154 185 8 10
95 184 9 9
105 184 9 9
67 187 13 16
77 180 12 15
48 186 10 13
36 183 12 16
17 195 15 17
17 186 13 14
235 202 6 7
225 181 6 7
181 177 7 8
202 203 6 7
239 180 4 5
235 184 5 6
181 207 7 8
157 206 5 7
211 190 4 5
209 201 5 5
255 207 8 8
266 193 6 10
314 195 5 5
323 185 4 5
300 200 4 5
280 196 7 8
276 211 5 5
297 191 5 6
289 188 4 5
331 186 3 3
349 196 3 4
359 191 6 6
325 194 4 5
707 190 4 4
702 191 3 4
696 190 5 4
690 187 5 6
680 189 4 4
684 185 3 4
687 179 7 9
671 176 2 3
665 188 3 4
671 188 4 4
669 199 5 8
676 202 6 10
517 206 6 7
427 201 4 6
