4 219 12 16
18 242 14 17
109 245 38 57
175 225 20 28
135 211 13 17
4 254 16 15
39 219 10 11
35 227 6 4
108 220 9 12
159 198 5 7
171 216 11 17
173 195 7 6
52 203 6 9
96 208 7 8
64 226 8 11
69 220 8 10
181 209 11 13
0 307 28 50
51 350 45 56
169 314 49 58
205 241 23 26
250 228 14 11
254 252 32 48
272 277 35 47
363 292 38 60
355 226 26 39
215 202 9 15
224 206 14 19
289 198 15 19
320 212 18 23
360 197 17 17
460 227 31 46
505 214 39 60
449 207 27 34
437 194 13 19
491 163 14 15
517 162 11 9
547 171 14 15
576 191 18 19
331 191 8 9
376 180 7 7
336 182 9 10
242 212 9 11
262 181 7 9
674 153 16 27
742 161 19 29
640 172 19 24
775 192 30 42
584 231 40 57
652 204 36 46
671 274 44 70
848 292 51 69
870 209 40 55
824 164 24 29
115 203 11 11
38 201 9 9
192 193 6 7
237 190 5 5
427 171 7 9
427 154 9 11
128 199 11 14
153 112 12 19
582 157 11 13
858 220 17 33
997 134 7 12
996 180 5 7
721 156 7 8
441 176 9 10
94 219 15 20
117 219 9 12
406 187 6 8
369 171 5 7
457 166 7 6
396 199 9 11
471 193 11 16
