1001 579 20 27
927 541 22 25
878 538 21 25
919 483 19 23
867 462 17 22
978 436 19 23
963 423 14 20
788 572 15 18
766 539 21 25
784 487 19 22
749 488 16 23
773 451 17 21
786 440 15 19
747 421 17 20
684 475 15 20
685 450 14 20
997 647 19 26
666 546 16 22
570 551 20 22
585 494 18 21
644 479 16 22
603 458 17 20
618 435 19 24
516 465 20 21
517 514 19 14
456 512 17 22
467 483 17 21
494 447 17 20
478 427 17 19
521 565 19 24
365 584 21 25
413 524 20 23
399 508 17 23
408 478 16 20
415 447 18 19
356 479 14 18
337 514 16 19
313 491 17 23
280 499 19 23
232 491 18 20
245 475 18 22
273 468 14 18
279 439 14 19
350 453 17 18
375 424 16 19
347 415 18 21
428 413 18 19
269 577 16 19
294 655 22 22
227 650 21 27
170 513 17 21
114 513 23 22
124 542 19 22
143 625 18 21
161 645 22 23
107 586 18 21
13 570 20 24
0 608 11 20
23 518 18 21
60 494 18 19
82 461 17 20
121 474 16 19
156 474 17 21
192 432 18 22
144 409 16 18
95 426 16 18
18 437 19 18
11 418 17 20
22 475 17 20
416 577 14 19
1013 424 11 16
989 391 18 21
896 408 15 20
889 386 15 20
904 366 14 18
845 413 18 22
828 404 16 19
794 395 15 18
751 363 15 17
987 334 14 19
997 318 13 18
960 315 13 17
975 300 13 15
897 310 15 17
843 332 14 15
809 359 15 17
786 330 15 13
835 314 15 16
739 334 16 17
757 319 12 14
712 300 14 18
682 390 16 19
702 414 15 19
695 323 15 18
654 316 14 17
662 355 14 17
633 411 17 18
627 390 16 20
666 382 13 19
618 360 14 18
605 332 14 17
583 327 15 17
570 308 14 17
581 288 13 15
614 303 13 19
525 306 12 11
536 324 14 17
564 278 14 16
469 374 16 17
456 356 13 16
499 315 16 18
499 286 13 15
470 282 14 16
453 321 15 16
475 313 13 17
423 301 13 13
417 282 12 15
420 339 14 16
372 383 14 17
355 346 13 13
343 399 15 19
299 389 12 16
285 390 13 17
247 374 15 15
278 328 16 17
346 344 12 16
356 300 16 16
344 289 11 14
266 278 14 16
238 288 12 13
264 326 11 16
247 311 12 15
318 258 11 13
380 263 11 15
400 252 12 16
368 244 10 13
501 373 14 15
467 348 13 17
151 324 13 15
116 321 15 16
135 304 14 15
202 312 14 16
201 298 13 15
154 285 14 17
209 269 16 17
71 315 13 18
55 318 14 17
36 317 13 15
39 288 13 14
57 300 13 14
91 279 15 17
62 261 15 17
49 374 14 18
21 364 15 19
38 357 14 18
22 243 14 16
44 228 12 14
93 240 13 18
137 251 11 15
174 241 12 12
126 219 13 14
97 217 11 13
74 224 11 12
68 207 15 16
48 190 13 16
11 206 12 15
58 183 11 15
89 179 10 11
185 212 10 13
164 197 10 11
207 188 11 15
241 228 13 16
229 247 11 12
276 225 12 13
308 212 12 12
329 245 11 11
322 227 12 14
339 216 11 14
356 226 11 13
452 238 12 15
458 225 9 10
455 206 10 14
425 209 13 14
409 200 12 14
412 232 10 12
502 229 11 12
541 219 11 15
583 245 12 12
592 262 12 16
607 245 12 16
584 209 11 13
638 236 12 15
633 215 12 15
618 187 11 15
552 182 12 13
496 196 12 14
411 158 10 14
364 176 9 9
321 177 11 15
323 161 9 14
356 160 10 12
379 206 10 14
374 298 10 13
842 265 15 16
867 247 15 18
900 266 13 13
933 261 15 16
991 263 13 17
958 239 14 17
973 220 12 16
1005 228 14 16
944 227 11 13
881 236 14 17
873 226 14 17
822 231 13 15
810 257 12 16
798 269 12 14
801 291 13 19
776 286 13 15
774 260 13 17
745 249 12 13
724 253 12 14
720 273 11 15
682 248 12 13
668 235 13 14
731 234 11 14
768 230 12 15
787 205 10 11
732 198 11 13
714 191 11 13
657 265 13 14
676 282 13 14
684 201 9 13
742 192 11 13
848 199 12 13
890 193 12 15
910 184 10 13
897 173 14 11
960 183 8 10
990 184 9 12
830 189 10 12
863 181 13 14
684 174 10 11
749 175 11 13
640 183 12 13
991 168 10 14
943 163 9 13
965 146 7 12
983 119 8 10
1008 107 8 12
964 110 7 9
964 100 9 12
972 105 8 10
995 69 8 11
942 94 10 11
912 105 8 10
894 112 9 11
884 102 8 10
912 88 8 9
904 80 6 9
895 79 8 11
867 120 9 12
875 143 9 13
834 142 9 10
823 135 9 11
836 113 8 12
870 109 9 12
795 121 8 13
815 108 9 11
815 89 8 11
816 75 7 9
858 75 7 10
781 80 7 9
774 126 9 12
771 95 8 11
760 93 8 12
742 75 10 12
744 111 8 12
759 123 8 10
713 120 9 10
691 121 9 11
678 122 9 12
678 143 8 13
699 145 8 10
709 171 9 11
662 121 8 10
650 80 8 12
718 92 10 12
637 96 8 11
628 113 7 9
596 179 12 13
611 119 8 10
599 113 7 11
572 118 9 11
574 106 8 10
583 95 9 12
601 97 7 10
546 137 12 13
516 139 8 11
484 149 10 11
489 127 7 8
514 121 9 11
542 120 8 11
539 101 7 9
552 91 7 10
512 108 6 10
519 95 9 12
500 107 7 10
483 111 7 9
471 100 7 10
468 74 6 8
490 84 7 9
477 89 7 8
547 63 8 11
528 65 8 9
615 69 7 9
784 91 9 12
459 139 10 13
422 132 10 12
432 118 9 11
406 124 8 11
393 134 12 14
358 138 9 11
378 123 7 9
388 120 9 12
354 114 8 10
336 138 9 10
300 168 10 13
295 188 10 11
273 186 11 13
290 165 7 9
267 157 11 12
280 141 9 11
294 145 9 11
293 117 10 13
279 105 10 12
332 126 10 12
318 114 6 8
392 106 7 9
424 113 8 10
427 85 8 10
443 87 8 10
459 88 6 9
438 79 6 9
393 89 8 10
399 79 9 9
366 96 6 7
304 137 6 8
355 193 7 10
124 196 11 14
159 182 10 13
184 165 11 11
114 166 9 13
140 146 10 12
160 139 10 14
168 130 10 13
194 124 10 12
181 128 8 10
243 156 9 11
238 185 9 12
229 218 12 13
32 165 10 13
4 147 9 13
44 50 8 12
64 43 6 8
57 31 7 7
89 62 7 11
3 79 8 12
8 62 7 9
209 118 7 10
233 144 9 11
244 119 10 12
227 129 11 13
209 92 10 13
254 91 8 9
83 36 8 13
65 57 11 14
175 66 8 11
995 5 7 6
974 86 9 11
806 24 7 10
799 35 7 9
780 15 7 9
735 27 8 9
742 21 6 7
704 27 7 8
695 43 6 8
691 32 6 8
668 25 7 9
677 17 6 8
687 17 5 8
760 1 8 9
761 16 7 9
913 17 7 9
958 23 8 9
891 2 7 10
817 13 7 9
759 152 10 12
794 156 9 12
858 168 10 13
894 168 9 12
849 107 8 9
95 79 8 9
269 57 8 9
621 21 7 9
643 32 7 8
611 54 7 9
587 58 6 8
571 57 7 9
509 58 6 8
512 37 7 10
577 68 8 9
566 10 7 7
580 13 7 9
547 6 6 8
529 15 6 7
515 5 7 9
503 3 7 7
488 12 7 7
506 29 6 7
502 42 6 8
513 24 6 8
520 23 6 7
437 31 8 8
426 68 7 9
397 68 8 9
309 91 7 10
264 80 7 9
368 70 8 10
363 85 7 8
347 70 7 8
327 72 7 9
329 32 7 8
348 37 7 9
321 54 8 8
376 29 6 8
385 32 7 9
387 47 7 9
365 49 7 9
362 26 6 7
368 38 7 8
498 184 10 13
505 173 10 11
460 111 8 10
781 163 8 9
802 188 6 10
1016 51 5 10
1008 60 8 11
1004 50 7 9
1010 34 7 9
977 16 7 9
943 4 8 10
704 8 7 12
731 5 5 8
719 18 6 8
639 70 7 9
623 87 6 9
696 101 9 10
605 4 6 9
521 78 9 12
488 75 8 9
466 25 7 9
477 14 6 8
534 39 7 10
544 37 6 9
440 117 8 10
473 405 15 16
757 407 12 19
849 241 12 12
925 336 15 19
0 324 12 19
129 383 11 18
1 494 15 21
