16 375 10 10
55 391 14 10
48 400 10 9
33 424 12 16
47 432 16 19
15 473 39 50
155 424 15 19
140 376 12 17
109 381 16 21
94 382 13 13
167 369 10 13
191 358 9 8
173 345 6 8
191 345 4 7
178 335 6 4
162 336 4 5
149 339 5 4
197 331 3 7
213 349 7 7
201 403 21 30
201 392 18 19
225 424 36 54
275 419 20 27
250 368 19 24
289 349 14 17
272 346 10 14
254 344 10 14
270 330 7 10
289 331 5 8
305 333 7 9
326 326 7 8
340 334 7 11
360 342 9 12
362 322 10 10
390 336 14 17
379 325 10 12
400 368 20 23
356 430 41 65
344 393 30 40
446 349 18 24
463 346 12 16
429 329 14 14
411 331 7 13
415 315 7 7
453 320 10 15
445 314 5 9
483 315 10 11
510 352 10 13
527 330 17 25
485 371 19 23
462 411 22 28
563 464 38 60
430 560 71 116
577 385 26 35
622 391 17 19
633 395 34 44
617 330 16 24
656 304 19 23
698 314 19 25
641 305 14 19
613 302 13 20
593 310 12 11
575 330 15 21
542 312 11 17
516 316 14 15
581 296 10 12
692 281 10 8
710 300 7 13
702 374 27 34
537 301 6 7
524 308 7 7
631 299 8 10
711 279 8 14
616 295 10 10
511 305 9 9
490 295 7 10
505 328 14 20
790 426 69 79
992 339 32 83
863 298 33 43
783 305 44 48
730 335 22 24
774 312 19 26
741 303 17 19
796 273 17 19
842 283 18 19
860 273 31 30
938 260 26 26
733 282 10 15
775 269 8 11
738 269 8 9
129 348 9 12
156 352 9 9
332 357 18 25
230 349 11 22
