709 505 16 20
652 467 13 17
613 472 12 16
581 462 14 19
515 453 8 13
513 415 12 14
619 428 12 15
678 591 19 22
736 608 22 16
622 567 15 22
645 578 13 17
601 519 17 17
532 511 17 21
440 504 17 19
386 550 20 23
334 457 16 19
394 426 15 18
455 451 16 17
334 402 10 13
731 439 10 13
786 461 11 12
812 480 13 15
237 577 20 24
140 596 23 28
219 546 18 22
179 510 16 22
66 472 14 18
26 459 18 18
240 391 13 16
212 371 10 12
43 365 10 13
92 355 13 18
98 416 14 18
144 394 13 19
153 334 13 14
280 348 10 13
211 329 11 12
124 322 10 11
17 298 12 13
599 369 13 16
480 399 10 14
403 298 9 14
495 332 8 14
550 340 8 13
988 525 13 18
969 456 13 16
862 415 11 14
906 408 11 14
958 385 11 14
968 430 11 12
693 374 8 12
751 359 8 12
793 367 7 9
733 354 8 11
701 341 8 12
929 596 22 28
855 495 14 15
