0 1262 57 109
0 1092 17 56
51 1049 38 48
25 1080 25 31
169 1087 54 75
307 1099 51 79
242 1250 78 102
290 1085 39 56
271 1061 39 52
457 1069 49 62
193 1041 33 32
149 1038 37 43
302 1035 19 26
338 1036 27 29
372 1035 19 22
409 1032 15 24
427 1044 36 34
293 1032 11 14
205 1014 18 18
257 1049 25 30
518 1063 28 36
528 1118 30 40
628 1067 26 34
692 1046 17 26
637 1038 16 18
523 1158 59 83
703 1106 36 54
727 1106 56 65
774 1060 18 22
748 1077 23 25
835 1101 18 23
866 1117 23 27
895 1025 26 27
938 1083 18 21
969 1126 22 26
964 1071 15 20
981 1063 15 17
997 1061 11 14
1008 1106 16 28
723 1056 19 17
286 821 16 15
355 867 14 18
841 1057 15 16
576 1081 22 30
547 1061 20 29
524 1033 17 16
491 1020 12 18
