1 281 9 18
24 284 20 26
53 268 12 18
68 284 16 20
67 310 16 23
47 295 14 20
112 283 19 23
139 271 13 21
198 273 13 17
218 281 9 15
208 371 21 40
256 267 10 15
275 302 23 34
156 289 8 12
230 316 16 27
207 306 23 30
299 311 17 24
374 318 21 32
279 288 10 13
330 292 15 20
337 278 18 21
388 275 11 14
300 272 20 25
408 286 8 14
416 278 11 16
428 309 11 15
452 301 10 22
462 297 17 21
519 290 15 21
574 353 16 24
485 349 51 68
608 280 11 18
678 276 10 13
746 297 16 17
673 331 32 42
633 337 28 38
616 330 19 31
803 305 22 27
822 313 12 15
808 335 22 33
830 345 31 30
926 310 13 16
965 305 16 20
866 328 25 32
1011 294 12 16
248 343 21 30
