3 348 8 8
26 363 8 10
25 379 13 12
72 348 11 14
20 403 15 14
16 386 9 5
77 405 10 15
93 394 18 18
101 354 8 8
87 345 6 5
95 341 4 6
74 452 15 15
85 455 22 23
23 553 23 36
100 521 24 28
130 503 23 28
213 473 24 25
190 521 28 30
144 436 10 14
169 406 11 15
179 383 11 13
155 370 7 9
207 396 12 15
224 375 11 7
208 358 10 10
182 358 4 7
219 362 7 8
230 360 9 9
265 385 9 10
264 372 9 8
225 353 7 5
293 352 5 7
282 345 8 7
273 341 4 5
294 365 10 10
327 348 4 6
296 406 9 11
331 358 8 10
313 405 11 10
322 429 20 21
337 474 20 23
360 456 24 27
353 406 16 15
373 365 5 9
384 365 8 9
414 404 12 14
455 393 13 12
456 412 11 19
437 351 6 9
419 363 8 7
414 345 7 6
374 354 6 8
432 372 7 9
444 365 7 9
455 370 8 11
475 375 9 13
465 356 7 4
538 416 15 16
546 388 11 13
515 364 7 8
494 367 7 9
534 351 7 10
557 444 11 20
286 540 28 38
397 533 29 36
527 338 8 8
532 333 6 6
546 336 5 6
556 346 5 8
590 368 12 11
568 418 19 17
592 390 15 15
621 410 13 12
633 417 15 19
620 344 9 10
580 331 4 4
634 353 7 6
672 381 10 12
686 336 6 7
679 351 8 7
507 545 29 31
581 457 22 26
615 498 24 26
688 466 20 25
679 559 31 40
724 480 17 21
709 348 10 10
708 359 9 10
714 373 10 12
703 332 4 8
718 335 6 8
734 356 9 6
729 352 5 6
740 367 8 12
735 424 21 20
785 388 10 13
764 355 8 9
787 348 6 8
780 349 7 9
768 334 7 6
803 370 13 11
819 392 13 18
806 432 19 19
809 349 8 8
817 342 7 7
847 362 7 7
826 351 5 8
848 349 6 7
876 354 7 9
872 339 5 8
872 392 17 16
865 421 16 18
889 349 5 6
862 333 7 8
754 474 26 32
780 463 21 23
864 462 13 16
902 478 9 23
886 491 18 22
903 345 6 9
953 345 7 9
959 355 6 10
976 355 10 10
985 368 11 11
988 351 9 10
983 343 6 7
959 337 6 9
1013 370 11 11
920 421 14 15
970 428 22 22
939 460 15 28
1017 337 5 5
831 594 30 54
217 454 25 27
689 408 12 18
667 400 10 17
699 380 12 18
739 395 10 16
