58 59 6 6
101 61 6 7
121 64 5 6
153 71 6 7
151 84 4 5
57 84 4 7
122 80 6 8
135 95 6 8
118 120 5 8
108 117 5 9
97 119 5 8
59 118 5 9
45 130 6 7
148 117 6 8
111 152 6 8
114 172 8 7
149 160 7 8
91 178 7 10
62 180 5 7
36 115 4 6
38 180 6 10
52 187 7 9
1 207 6 9
13 207 3 6
0 180 3 9
100 74 7 9
172 107 5 7
184 83 6 8
201 84 6 6
194 137 8 9
183 167 6 7
195 167 5 6
122 168 5 8
140 161 5 8
247 61 5 6
211 80 7 8
231 80 5 6
242 80 5 6
232 92 5 7
237 113 5 8
209 135 7 9
246 86 5 8
250 83 5 8
268 82 5 8
272 77 4 8
288 74 4 7
295 77 4 8
303 83 4 8
313 78 5 10
309 89 5 6
289 97 4 8
266 94 6 8
305 97 5 8
321 83 5 7
331 82 4 5
340 79 5 6
347 78 4 5
323 100 4 6
349 98 4 6
371 80 4 6
379 82 5 7
391 78 4 7
414 85 5 6
414 78 4 6
386 90 5 8
389 106 5 6
377 132 6 9
398 141 6 8
409 129 6 7
380 163 6 6
360 163 6 6
349 175 7 6
510 70 5 7
504 63 5 7
498 73 6 7
509 85 4 6
485 92 7 6
493 79 4 8
479 77 4 7
483 72 4 5
463 79 5 6
463 70 4 4
453 81 6 6
444 72 3 5
441 81 4 4
431 85 4 4
429 74 4 7
445 101 6 9
475 104 5 7
512 152 6 7
501 158 7 7
488 151 7 8
471 154 7 6
439 142 6 7
452 172 8 10
423 167 8 9
502 143 5 8
531 132 6 8
521 152 8 11
523 130 5 8
525 89 5 7
542 90 3 5
524 74 5 9
554 76 4 6
543 79 4 5
538 82 4 5
472 88 5 6
456 92 4 7
440 89 5 7
432 95 5 6
439 102 5 8
462 127 5 7
479 127 3 6
478 136 3 5
479 151 4 6
404 162 7 10
405 185 6 10
440 197 7 10
447 207 7 9
479 210 8 9
453 220 8 9
510 189 5 8
542 189 6 9
535 190 6 9
446 155 6 8
528 62 6 7
541 61 5 5
556 41 4 6
567 69 5 7
571 87 4 5
526 33 5 7
487 44 6 6
484 31 5 6
462 40 5 5
466 33 5 7
510 15 4 7
529 41 4 6
408 64 6 8
377 64 6 9
395 65 4 7
390 41 4 7
577 47 5 5
589 56 4 6
603 50 5 6
596 60 4 5
611 63 4 5
584 85 4 6
607 70 4 5
632 70 4 6
655 81 4 7
652 115 6 5
631 117 6 7
620 118 5 7
614 113 3 6
661 132 5 8
653 127 6 9
641 132 5 7
658 152 5 9
637 161 7 8
638 147 5 7
625 138 4 7
617 149 6 8
612 127 5 7
607 134 6 7
588 129 4 7
573 136 6 6
595 165 7 7
585 158 7 6
575 147 5 8
568 161 4 5
550 141 5 7
592 143 4 5
686 79 6 6
707 80 5 6
683 90 4 6
693 104 5 8
714 90 5 8
720 103 4 6
727 104 3 5
743 113 5 7
746 108 5 9
735 132 8 6
775 71 4 8
787 96 5 7
773 113 7 7
773 138 6 9
769 160 6 10
781 179 6 9
759 157 6 11
688 125 7 10
680 134 6 9
691 138 4 7
690 155 7 8
677 148 6 9
656 164 5 7
668 171 7 10
675 184 5 8
682 185 5 8
703 170 4 7
746 195 7 10
726 204 8 9
794 82 4 8
815 82 5 7
833 89 6 8
869 75 5 7
884 74 6 7
891 56 4 9
876 85 5 8
895 81 5 9
889 88 5 6
852 101 7 7
888 109 6 8
876 121 8 9
864 115 6 8
838 115 6 6
887 134 6 6
899 154 5 10
890 160 5 9
898 167 7 9
867 181 6 9
872 210 8 8
843 209 7 11
835 182 6 8
837 172 6 9
833 156 5 9
838 151 6 7
832 151 6 6
810 113 8 13
805 137 6 7
809 158 6 8
812 178 8 10
796 177 6 9
793 193 8 9
762 212 8 12
980 44 5 7
962 51 6 10
936 46 4 5
926 59 4 6
908 45 4 7
1011 88 6 6
978 79 6 9
967 81 7 9
1013 120 5 9
961 80 4 6
949 75 5 8
941 81 5 7
929 80 5 8
919 76 5 8
916 89 5 5
974 112 4 7
928 119 4 8
902 142 5 7
939 146 8 8
967 147 5 7
958 149 5 7
921 139 6 8
923 116 4 7
885 155 3 5
922 182 8 9
974 179 6 9
1007 199 8 10
949 203 8 8
998 242 6 10
1019 241 4 9
1001 257 6 8
1008 266 9 9
1001 279 9 9
1008 302 10 12
1015 276 9 12
976 231 9 9
969 247 9 11
955 233 8 10
929 235 9 11
947 248 9 10
942 253 6 8
942 272 8 10
919 266 10 9
944 295 9 13
968 326 8 11
928 292 10 14
918 279 9 13
896 265 8 11
883 276 9 12
849 219 6 9
871 220 7 10
870 247 10 12
860 265 9 13
901 278 7 10
910 281 8 11
873 310 8 11
911 322 8 13
857 226 5 7
862 233 6 7
855 236 8 12
827 294 10 11
877 270 4 7
828 218 4 8
820 221 6 10
829 237 4 8
834 251 8 10
808 227 5 6
767 246 8 11
750 245 8 12
755 255 6 9
782 267 7 9
771 271 11 13
756 270 9 12
741 271 8 11
846 319 9 10
844 328 10 14
799 306 9 12
791 318 7 12
797 329 10 12
789 300 6 12
764 313 8 15
751 329 7 8
741 319 8 11
748 319 8 11
738 295 8 13
765 301 8 11
902 334 11 16
860 353 10 13
948 326 9 13
933 337 11 15
958 336 8 8
936 350 10 15
946 367 9 16
997 405 10 16
1004 412 10 14
1013 462 9 22
959 466 12 15
924 405 14 19
928 426 9 16
904 413 9 16
881 376 11 15
881 436 11 17
867 458 10 15
557 93 5 7
546 97 5 6
507 115 6 7
582 176 6 8
599 187 8 13
950 90 6 10
955 273 6 10
956 608 17 25
964 631 20 22
765 347 10 13
790 354 7 9
819 357 11 13
825 375 11 14
822 401 10 15
812 412 11 16
791 386 9 12
779 370 5 9
768 380 11 15
771 388 12 15
783 392 9 14
789 404 7 10
768 413 11 15
788 421 13 13
778 434 13 17
741 415 13 18
794 458 14 19
826 451 13 17
813 476 13 17
740 457 13 15
558 155 6 7
591 154 4 6
638 192 8 9
646 207 5 5
660 220 7 9
682 221 8 9
696 219 7 10
721 219 5 10
708 232 8 11
693 246 8 11
726 255 8 10
719 262 9 10
715 273 7 10
723 285 9 13
706 285 5 8
688 284 9 12
686 260 9 9
671 257 6 8
669 273 8 10
682 275 5 10
676 297 10 12
669 301 12 12
669 308 10 13
673 328 10 13
702 313 10 13
720 317 7 10
705 305 8 8
708 328 9 13
592 214 9 11
618 234 7 12
633 254 6 10
650 233 7 9
663 255 6 8
639 266 8 10
649 277 8 10
654 317 9 15
644 321 11 11
647 301 8 9
654 294 6 12
628 286 7 13
637 288 8 8
620 256 7 10
619 272 7 9
619 282 7 11
617 300 9 12
608 313 10 14
601 308 10 12
607 269 8 11
596 269 10 12
581 251 8 12
576 228 9 10
560 225 4 8
550 229 7 10
555 238 7 10
564 263 10 13
585 271 7 11
591 293 10 13
584 287 10 12
572 296 10 14
576 312 9 13
558 312 10 13
568 311 8 11
557 274 9 13
555 292 9 11
561 289 6 9
549 302 8 11
549 311 9 13
739 343 9 13
719 337 4 10
711 371 13 16
693 341 8 11
652 350 9 15
669 361 11 13
675 371 10 13
671 388 11 15
694 392 11 15
701 404 8 12
693 414 7 9
696 421 9 16
685 410 10 15
562 341 8 9
577 353 11 14
584 368 8 16
616 350 9 12
627 355 8 11
644 392 11 15
637 400 9 13
614 404 10 13
557 384 11 15
577 420 10 13
609 384 9 13
604 438 9 12
605 422 9 12
566 406 13 16
564 483 11 18
598 458 12 19
607 491 11 16
586 507 15 18
672 475 12 14
618 531 13 14
645 522 13 18
703 483 12 19
726 458 9 18
689 533 15 21
712 524 15 22
754 511 15 20
765 498 13 19
765 540 15 21
700 474 14 15
634 380 9 9
599 403 15 17
596 393 13 16
661 491 10 15
766 574 16 21
836 531 6 12
773 245 7 9
728 224 6 11
759 261 9 11
306 140 5 8
329 151 5 8
339 174 4 7
331 174 5 8
322 179 5 9
288 167 5 9
271 150 4 6
262 147 4 7
242 159 6 8
275 178 6 8
351 184 5 8
315 196 7 10
279 208 7 9
224 163 4 8
227 204 8 10
221 188 7 13
375 223 7 12
378 236 8 10
385 239 8 10
379 260 8 10
366 266 8 12
375 275 8 10
380 272 7 11
374 288 9 11
383 291 9 13
310 281 9 10
315 291 7 11
276 287 10 13
285 269 8 11
282 285 10 10
251 265 8 12
256 279 8 10
254 287 6 9
230 282 8 12
208 164 4 9
158 188 7 7
143 190 6 9
149 205 8 12
162 236 8 10
129 241 6 11
92 218 6 8
224 307 8 13
183 291 8 12
180 281 7 11
185 269 8 14
177 271 6 12
162 266 5 12
155 258 8 14
147 275 6 13
149 274 9 15
121 258 7 13
88 272 9 15
109 312 10 12
156 296 8 13
100 295 10 15
116 271 8 11
391 119 6 13
350 119 6 9
305 175 4 9
391 201 7 11
409 250 10 11
412 264 7 10
428 270 8 11
406 282 9 13
417 287 8 11
416 274 10 14
420 302 10 12
408 310 9 10
418 317 9 13
393 280 9 12
392 314 9 13
361 299 7 13
363 319 8 12
347 305 9 13
337 295 11 12
334 312 9 12
301 300 9 11
295 313 9 12
281 325 8 13
304 317 9 13
559 215 5 7
529 229 8 13
480 226 6 9
467 234 7 10
490 238 9 14
476 240 9 8
458 249 7 11
459 260 7 10
473 266 9 11
486 274 9 12
501 278 10 14
524 262 10 12
535 262 8 15
549 273 7 11
533 281 9 10
522 292 9 11
521 286 10 10
507 303 9 13
500 314 10 15
491 319 10 11
451 279 8 12
438 290 10 13
467 294 10 9
480 294 10 12
447 314 12 15
432 320 10 16
463 305 11 11
477 301 8 14
457 363 9 13
474 348 9 12
488 353 10 13
504 342 10 13
529 359 11 15
538 339 9 15
545 346 12 15
521 374 10 15
538 382 11 19
520 399 13 16
478 394 12 15
463 399 11 13
443 392 12 15
31 228 6 10
40 225 6 8
85 233 8 10
53 248 8 12
10 262 7 10
76 269 7 12
63 292 11 12
77 327 11 14
91 336 9 13
117 342 9 10
51 329 6 12
28 327 9 12
10 335 8 12
14 241 5 8
215 314 7 10
248 316 10 14
232 332 8 11
217 324 8 12
205 337 9 12
209 348 10 15
235 357 11 15
225 371 10 17
232 399 11 13
189 373 10 9
156 336 10 12
100 362 10 12
155 360 10 12
176 403 12 17
212 412 10 16
239 418 9 14
196 441 14 18
214 468 12 16
200 472 15 17
162 443 11 16
155 453 9 16
145 475 13 18
84 452 12 16
25 421 10 15
76 398 12 17
34 492 15 19
91 506 14 19
135 547 14 19
162 483 14 22
188 507 14 17
228 499 13 17
93 600 18 26
249 301 9 13
291 304 9 13
273 326 7 14
309 338 11 12
328 333 10 12
380 332 9 15
333 349 11 15
358 359 13 13
386 360 10 14
408 367 10 15
229 351 8 10
258 383 10 12
259 401 11 15
262 421 10 15
260 446 14 17
277 372 11 11
315 357 8 14
295 381 10 14
282 391 8 10
307 414 11 13
312 435 11 17
304 424 11 16
320 415 10 14
342 382 11 14
332 405 14 10
339 416 9 15
359 464 14 20
370 434 11 17
382 409 10 17
386 394 11 14
391 422 9 17
411 398 12 16
427 403 14 19
394 405 15 15
437 429 12 15
440 454 13 19
421 484 14 16
399 450 13 18
417 508 15 21
309 502 14 22
502 406 11 16
536 433 11 18
543 477 13 19
517 467 16 19
490 460 12 16
482 487 13 22
486 512 15 18
533 513 13 19
419 542 16 19
444 528 15 22
380 566 14 18
364 532 13 19
354 521 13 19
280 534 16 19
251 545 14 23
422 44 6 8
503 263 10 16
498 242 8 10
