94 31 12 18
23 71 15 19
4 92 12 20
86 130 29 43
180 223 33 37
222 189 30 40
16 128 19 24
71 269 39 49
276 221 36 44
13 370 42 48
285 170 29 31
275 70 15 18
309 98 15 20
399 51 14 17
387 154 26 30
357 153 21 27
390 226 23 36
356 26 16 14
463 12 9 16
351 117 19 25
502 7 13 16
902 116 21 23
844 133 18 26
887 163 22 34
853 326 39 47
939 297 47 55
951 167 35 50
812 0 12 10
904 1 13 13
929 83 16 18
924 79 11 17
314 363 41 52
398 478 51 44
671 385 45 64
791 387 46 53
806 500 61 50
73 90 14 22
801 14 11 17
894 301 39 38
546 168 15 23
