550 14 7 10
595 24 10 10
736 49 9 13
678 96 12 16
621 115 11 15
573 131 11 13
215 165 11 15
205 150 9 14
417 116 12 12
454 114 9 14
500 113 11 13
528 127 10 15
553 111 12 18
431 96 12 14
759 118 12 14
857 102 12 17
808 86 11 14
822 140 11 15
648 136 11 17
945 223 13 17
991 196 11 16
786 181 12 18
896 187 12 19
849 249 12 18
204 226 11 20
476 544 14 19
982 256 14 16
985 285 13 20
737 140 10 12
784 149 11 12
910 116 15 20
908 134 8 12
936 204 8 8
561 197 10 14
580 153 13 15
494 133 13 13
529 114 7 7
336 134 11 14
338 113 9 9
340 104 8 11
346 101 6 5
351 90 8 11
395 128 9 12
422 167 11 14
285 138 7 9
213 150 8 12
443 289 10 17
250 252 12 21
206 203 10 14
159 200 10 12
96 247 17 22
207 271 7 15
487 215 14 20
463 205 15 18
293 177 11 16
418 395 16 16
