0 365 13 21
35 360 26 32
39 391 32 40
66 352 18 25
133 407 26 39
139 371 14 22
229 320 7 9
215 341 11 14
240 343 11 16
172 344 9 14
192 354 11 14
216 370 16 19
170 379 27 33
260 361 20 27
286 367 17 26
252 396 20 30
262 391 19 26
171 327 7 14
279 348 9 13
197 384 12 23
85 479 35 46
180 519 38 46
38 547 38 54
181 600 46 71
326 311 6 9
330 342 13 17
368 381 17 23
428 311 6 7
422 352 14 21
385 430 26 32
296 426 24 32
262 453 22 28
331 443 21 33
330 513 31 46
470 320 8 11
454 344 15 19
445 369 16 26
478 367 16 24
499 369 12 19
489 385 22 31
458 394 22 35
440 461 19 37
514 443 28 37
602 380 24 33
570 397 13 21
548 363 15 23
562 367 16 22
588 360 13 25
620 362 14 21
598 503 37 49
495 562 34 54
657 607 53 61
699 577 33 50
501 353 8 12
527 344 7 12
562 321 7 11
572 341 11 16
589 320 6 10
672 377 16 25
684 452 19 21
648 368 15 23
620 323 6 11
621 319 7 9
641 326 8 9
594 357 12 16
669 335 6 11
653 341 7 9
670 350 9 14
658 330 7 6
699 358 12 20
758 355 9 18
769 350 11 18
798 331 5 10
813 330 4 9
804 358 9 16
818 360 7 14
805 390 12 21
758 404 18 23
754 431 23 31
839 388 12 22
834 367 9 14
831 329 7 10
842 328 6 11
828 339 7 11
879 354 6 7
884 365 11 17
993 340 10 15
1002 359 9 11
865 396 23 33
938 406 17 19
911 423 17 17
895 435 21 44
980 478 24 37
1005 446 19 32
905 368 12 15
848 517 33 50
