607 250 41 59
783 262 38 57
746 287 28 41
564 239 37 51
531 271 29 40
804 231 23 62
959 274 45 56
927 271 31 50
893 255 38 44
848 96 35 40
895 122 41 38
961 175 43 32
1003 117 20 42
480 286 42 53
481 255 40 36
409 248 39 48
357 258 41 50
299 265 38 42
344 248 35 43
205 128 45 50
173 167 35 49
205 250 45 44
145 237 33 58
718 46 15 15
615 156 7 8
623 167 5 8
544 156 16 15
481 35 33 40
347 14 37 39
357 78 17 18
224 2 32 41
46 252 27 54
111 304 35 39
243 275 24 33
265 329 16 21
315 409 22 26
402 379 11 14
377 388 18 22
361 364 13 16
386 360 8 14
398 362 9 9
411 362 10 9
353 375 6 8
357 393 6 9
814 532 43 53
737 579 37 57
694 531 36 68
620 534 34 59
517 476 39 43
517 572 36 69
322 478 43 48
311 520 40 61
227 552 16 20
120 487 44 62
195 466 36 56
196 605 29 62
