924 165 35 41
982 160 42 51
878 217 39 52
825 186 36 41
771 133 34 39
869 93 23 30
917 77 25 27
937 133 34 43
963 70 17 21
940 67 21 24
821 76 28 30
841 78 17 22
780 87 23 25
736 94 23 25
952 57 12 17
928 51 16 18
889 51 18 21
845 48 16 19
823 49 14 19
808 49 17 18
804 21 11 14
845 20 11 14
787 61 15 22
761 46 15 17
746 50 16 18
720 137 34 39
709 108 30 34
720 80 15 20
714 62 15 19
704 52 17 20
693 38 9 9
711 30 9 11
687 27 12 15
635 106 21 28
651 93 24 26
648 181 44 48
666 161 31 41
554 135 37 40
602 84 26 29
580 129 22 36
522 118 23 35
614 67 18 22
659 64 22 22
663 48 19 22
637 53 15 20
615 54 15 19
585 61 20 22
567 54 15 16
542 77 16 20
553 76 13 19
521 88 20 23
508 76 18 22
518 69 20 21
545 56 12 17
550 42 9 15
565 31 11 14
609 43 12 15
654 35 10 12
656 21 9 11
751 198 32 39
453 138 39 39
384 149 40 44
409 115 24 29
486 87 21 30
501 99 17 27
374 99 26 29
341 117 32 42
302 158 39 48
277 119 27 30
313 87 22 27
339 93 23 27
386 75 18 23
433 71 20 24
482 61 17 23
501 12 8 12
554 17 8 10
386 51 17 19
426 51 12 16
421 35 11 15
438 35 15 18
322 58 16 17
291 71 23 26
264 74 25 27
278 41 9 12
305 48 13 19
334 42 12 15
547 113 33 39
470 119 27 40
258 101 22 24
229 87 18 26
247 84 15 21
201 83 22 25
219 67 20 23
248 63 13 18
255 46 10 16
237 47 12 15
161 83 21 24
134 106 22 28
188 117 21 28
210 117 19 27
92 113 27 33
130 86 19 27
81 92 21 26
66 65 22 24
17 102 26 25
30 70 22 27
12 56 19 23
128 66 13 16
96 56 13 15
173 61 11 13
176 76 15 25
186 59 16 18
159 47 16 13
139 49 10 11
149 64 14 16
210 31 11 11
143 38 8 8
78 43 13 15
371 59 14 18
381 32 11 15
283 30 9 12
355 25 9 11
508 40 12 17
619 23 11 15
366 49 15 17
845 144 33 43
0 413 80 163
34 54 12 14
0 50 12 16
0 89 14 24
4 138 23 24
