778 378 66 70
649 281 71 80
546 309 73 82
397 352 63 77
205 418 76 84
399 143 63 77
592 47 78 81
993 522 28 30
957 514 25 27
933 552 37 27
824 543 36 36
857 524 25 32
1006 412 15 18
963 433 18 20
926 496 17 21
854 495 20 24
1014 467 10 22
744 546 35 33
673 555 34 24
692 517 23 35
651 495 28 35
588 480 22 29
489 544 38 35
401 532 30 31
334 546 37 33
324 473 26 27
317 436 17 20
328 404 14 14
18 547 39 32
42 466 24 32
89 489 27 31
59 441 16 23
100 455 18 22
11 514 22 27
301 561 33 18
881 312 20 31
703 462 20 31
675 429 19 22
1005 495 19 31
470 520 28 33
44 517 24 30
