53 487 11 16
133 460 18 20
190 94 21 41
143 82 28 54
276 248 14 17
256 276 12 16
294 285 14 19
271 301 14 17
278 322 12 12
297 310 10 15
268 334 13 20
341 322 8 17
346 320 13 18
373 312 12 17
308 295 14 22
247 290 11 21
245 326 10 21
252 345 7 15
248 374 17 19
351 348 13 16
317 360 14 16
273 359 16 19
331 374 11 16
380 357 16 22
284 353 15 21
293 334 9 11
392 296 9 12
370 287 12 17
674 473 24 33
800 498 22 21
725 316 22 42
688 168 24 37
731 175 21 37
759 171 18 32
667 177 19 34
916 133 15 34
895 147 13 28
589 28 32 65
337 6 38 67
797 8 27 53
7 486 9 16
470 132 95 134
975 0 22 30
