111 78 29 43
124 81 33 49
170 0 29 37
35 60 32 42
0 71 39 46
10 122 54 64
43 178 53 64
70 211 65 69
208 222 65 77
178 151 51 63
131 172 44 51
234 120 40 53
203 113 32 39
218 59 37 50
327 167 49 62
415 193 42 66
384 144 38 56
401 111 36 47
376 95 35 40
445 111 31 54
237 13 21 35
266 19 22 31
290 30 26 32
385 57 29 36
426 31 30 44
344 29 33 37
94 284 71 91
3 391 81 104
167 390 81 97
117 532 113 110
97 615 107 69
292 572 103 112
403 296 93 126
598 494 95 133
465 182 51 69
504 205 52 76
560 279 72 92
626 384 82 107
633 248 43 52
588 184 46 69
553 184 33 40
674 615 113 69
885 556 110 128
986 440 38 118
725 366 76 109
881 335 78 81
980 237 40 65
929 202 52 58
950 156 56 64
886 149 49 66
812 135 43 53
788 115 40 52
473 79 42 49
557 83 34 44
475 44 18 28
472 17 24 29
631 64 26 36
672 51 21 27
742 150 42 48
756 183 31 44
825 61 27 37
869 27 21 25
816 36 26 31
749 17 25 30
780 38 23 33
602 62 23 23
567 39 17 26
590 55 20 27
585 17 20 25
980 85 28 34
1000 122 22 29
919 1 20 26
228 267 69 86
825 340 39 47
311 73 23 26
488 44 32 31
941 82 30 38
