107 557 9 17
102 506 10 15
68 484 9 13
195 599 14 14
208 503 9 14
204 456 12 13
78 433 11 14
152 444 9 15
296 447 8 12
247 466 9 14
284 348 10 12
260 410 10 13
191 383 10 13
147 413 9 11
75 309 8 12
121 286 8 12
115 258 9 11
157 265 7 12
269 395 7 11
236 315 9 13
175 237 11 12
241 205 9 9
251 172 9 10
178 155 11 11
55 201 8 11
6 173 6 10
32 161 11 13
51 130 8 9
88 119 11 13
122 188 11 9
197 92 9 9
258 99 6 9
246 68 9 12
146 105 7 8
34 100 7 8
73 87 9 10
101 61 7 9
124 50 7 10
99 39 7 9
113 29 7 7
64 26 8 8
27 54 4 7
152 20 8 10
244 36 6 9
207 23 8 9
134 6 6 8
191 5 8 10
262 28 6 8
91 61 6 6
146 86 8 9
79 115 5 8
45 50 6 8
146 25 6 6
492 592 13 16
389 604 12 12
523 416 10 10
453 414 7 11
388 398 12 13
424 336 11 15
456 444 10 8
483 329 6 9
534 315 8 10
337 334 10 16
325 342 9 15
334 311 11 9
339 293 7 11
438 234 7 11
452 232 7 12
344 222 8 11
357 221 9 11
323 215 6 10
298 191 10 12
394 197 9 10
413 176 7 10
373 164 8 8
395 169 7 8
401 180 5 8
385 186 7 8
330 159 8 7
370 152 6 7
354 144 7 11
357 125 8 10
320 142 7 10
301 152 7 5
312 172 7 7
441 214 8 12
451 145 8 9
477 130 10 10
482 105 7 11
467 85 10 10
430 105 7 10
415 110 7 7
379 96 10 10
402 74 9 10
436 73 10 9
376 46 8 8
344 49 8 10
483 48 8 11
347 38 8 9
280 19 6 8
355 11 8 11
472 21 6 9
428 0 6 7
561 642 10 8
714 512 11 13
834 461 8 10
757 566 6 12
778 476 7 9
841 500 6 9
840 512 6 9
966 570 8 13
1005 507 11 9
933 498 11 11
973 392 10 11
992 383 6 9
1006 354 9 13
847 327 9 11
861 313 9 8
912 310 9 11
945 329 8 9
985 336 10 11
933 373 5 9
982 530 6 10
630 320 5 9
736 273 9 14
567 290 8 10
682 245 8 12
669 229 7 11
538 245 8 10
641 191 8 10
618 174 8 9
606 152 8 9
542 196 7 9
537 200 6 7
575 136 7 7
588 115 6 7
617 107 8 9
588 93 8 9
553 86 9 10
544 133 7 9
525 76 8 11
556 61 8 11
604 86 7 10
618 83 7 10
609 61 7 9
556 37 9 11
528 39 7 8
490 44 6 9
501 49 6 10
620 32 7 10
506 6 7 8
526 4 5 9
624 16 6 8
653 0 6 8
670 11 5 7
647 46 6 9
633 44 5 6
644 90 8 11
686 96 8 10
702 80 8 11
694 58 6 8
671 55 8 6
684 41 7 9
689 23 6 7
707 12 6 9
712 61 7 8
726 24 7 12
883 484 6 10
910 435 6 9
826 306 7 10
849 274 6 9
872 271 9 12
917 282 10 10
916 262 9 9
949 263 10 14
835 243 8 7
795 300 9 8
878 233 7 10
923 241 6 11
936 252 9 10
996 250 8 9
963 233 8 10
955 255 10 9
978 238 6 10
974 223 6 8
908 219 7 9
817 222 8 11
845 215 9 10
744 226 10 11
798 213 7 9
791 191 7 11
742 197 10 11
725 178 8 10
752 171 9 11
810 169 9 10
889 169 7 10
675 122 9 10
713 148 8 10
717 137 6 7
725 151 6 7
697 146 6 9
772 159 9 8
744 121 8 10
650 120 8 12
810 152 6 8
741 63 9 9
727 60 6 8
741 20 5 7
797 42 6 9
866 92 5 4
860 74 6 8
876 78 6 5
842 77 6 7
827 88 6 8
816 96 7 6
809 79 7 7
793 69 6 8
766 61 5 7
856 19 5 9
855 62 7 8
851 81 7 8
833 96 5 6
847 101 5 6
876 49 7 9
888 19 6 8
850 6 8 8
776 2 7 7
759 11 7 8
796 6 9 8
859 126 5 9
812 90 5 6
832 78 5 6
907 66 6 8
901 62 5 7
900 52 6 7
1008 477 7 9
988 26 5 8
1012 82 7 9
986 92 7 7
983 78 5 9
961 0 5 6
959 23 7 6
1019 13 5 7
978 21 6 8
971 17 5 7
947 0 6 6
929 0 5 7
797 14 6 7
850 40 5 7
938 114 8 9
937 100 8 9
909 74 7 9
927 199 8 11
933 173 7 8
938 188 5 7
973 176 5 9
925 133 4 6
982 200 6 9
992 187 6 8
199 259 8 11
237 304 9 13
513 387 9 10
518 378 6 11
479 395 9 12
497 390 8 11
497 410 6 11
511 395 9 12
457 255 6 9
548 225 8 9
520 197 6 10
529 198 6 8
700 637 6 11
952 606 7 9
289 568 13 9
