39 541 10 8
31 565 30 27
40 594 29 24
74 572 31 28
102 553 15 13
39 624 35 44
119 606 23 29
143 605 34 33
144 575 22 23
88 551 10 10
61 549 13 15
141 551 15 13
54 637 59 65
195 636 48 46
248 563 24 27
327 650 44 33
322 631 23 27
344 589 21 38
319 567 20 23
338 558 16 21
373 561 13 11
367 582 15 13
514 606 43 46
433 604 24 42
478 580 29 35
500 558 21 23
436 580 13 13
433 558 11 11
418 547 11 8
380 546 12 11
400 538 7 6
276 536 14 20
279 568 7 10
369 536 6 5
310 551 9 10
518 531 11 13
536 540 22 26
555 574 24 13
505 535 7 10
421 534 5 8
563 649 47 33
569 532 7 7
581 557 21 21
577 542 11 9
615 551 21 19
614 538 9 8
599 537 10 11
619 598 25 33
649 622 52 52
647 575 17 12
636 545 10 18
656 541 10 12
665 546 17 18
681 567 28 25
673 532 7 5
650 537 6 6
756 573 16 21
750 535 10 9
715 537 18 17
694 539 14 10
685 532 7 7
779 587 25 30
781 553 22 22
764 535 9 8
781 530 8 8
787 630 22 33
857 599 66 74
956 586 56 53
979 569 30 32
799 532 15 17
855 538 11 18
905 521 7 8
961 534 11 16
817 524 7 10
867 526 12 14
878 516 8 7
929 575 16 35
849 377 23 24
912 358 10 11
888 377 27 27
932 350 15 16
