681 344 28 48
820 308 28 41
888 273 46 77
955 262 24 30
342 307 22 33
480 299 26 32
193 290 37 21
226 389 28 42
151 308 32 39
44 236 67 88
58 152 15 18
192 146 16 18
239 161 16 18
256 108 10 13
229 103 10 11
172 105 10 11
126 111 8 11
81 103 9 11
28 103 11 14
26 43 9 11
83 44 10 10
59 61 7 7
114 35 8 11
153 57 6 10
220 49 10 13
284 153 16 19
316 105 9 12
381 149 15 17
406 108 8 9
436 105 9 12
432 164 15 14
507 145 16 19
499 111 9 10
541 112 9 11
563 125 14 17
639 150 16 20
597 109 9 12
623 96 7 14
658 114 10 12
688 104 10 12
703 128 10 16
733 145 11 20
799 150 13 15
761 119 7 9
733 111 10 12
853 139 12 19
945 145 13 18
999 85 10 14
960 122 10 13
902 125 9 10
922 113 7 10
919 159 11 12
893 143 11 14
904 154 8 9
865 222 24 27
978 119 6 7
887 109 7 8
1013 124 8 12
834 120 9 12
796 116 8 9
773 122 8 9
633 108 7 10
581 112 9 12
483 113 8 7
336 95 6 6
375 117 7 6
40 163 10 11
0 160 11 20
4 29 12 16
185 64 8 10
241 57 10 12
273 57 9 12
303 97 6 9
456 114 7 9
779 112 7 9
912 139 6 8
485 384 38 40
943 400 36 49
