259 410 17 20
255 394 10 9
214 347 8 12
113 402 10 17
136 411 14 18
354 442 14 18
443 436 17 16
428 420 17 16
462 415 14 12
206 451 13 18
229 439 18 16
101 438 10 14
278 393 12 13
135 399 9 10
158 400 7 13
37 409 17 27
499 436 18 22
558 424 17 20
577 410 11 19
538 343 8 9
569 360 8 7
595 346 9 10
587 394 13 12
466 372 13 12
566 376 10 13
630 413 10 11
660 360 15 9
920 411 14 14
916 388 15 14
803 364 9 4
828 340 6 4
864 359 8 8
904 366 6 10
1003 353 7 7
813 346 8 4
782 365 9 14
703 352 8 9
765 395 9 13
782 400 9 10
741 382 6 10
857 427 15 22
869 422 11 19
883 439 14 12
696 423 15 23
890 367 10 10
879 357 6 6
850 414 11 13
945 433 15 22
995 404 12 17
919 333 8 11
981 358 8 7
996 360 5 8
995 387 8 9
1016 405 7 13
802 430 13 19
763 418 15 13
817 419 7 14
679 425 10 12
718 387 9 8
729 427 14 18
321 441 16 23
407 391 12 9
1011 501 7 12
986 503 14 17
997 452 8 10
1014 475 7 8
934 408 9 8
928 376 10 15
1005 395 7 7
868 398 5 6
822 373 9 16
801 386 6 9
752 364 9 10
846 327 7 6
886 339 7 10
843 341 6 9
815 331 6 5
820 335 7 8
770 365 6 6
775 352 6 6
792 347 6 5
751 322 7 7
659 308 5 7
643 316 6 9
604 328 6 9
586 316 6 5
546 378 12 11
606 395 9 11
627 401 7 9
636 412 10 10
651 396 8 12
662 398 6 7
652 380 7 10
665 388 10 12
633 374 8 10
676 379 6 8
682 380 7 12
676 401 8 12
499 357 8 11
674 345 15 24
690 420 6 7
648 413 8 11
629 390 7 8
622 382 8 10
628 366 6 11
739 356 7 11
713 344 8 12
694 408 14 9
711 394 10 11
451 354 10 11
437 350 9 8
472 385 10 11
431 369 10 14
399 363 7 11
410 373 6 6
358 403 11 9
322 401 7 7
332 425 9 15
395 430 10 11
520 401 12 14
536 398 10 12
491 407 10 12
280 365 9 13
252 363 10 11
248 355 7 8
289 352 10 9
287 362 7 10
414 350 8 10
356 368 6 7
270 442 10 13
198 391 11 14
175 425 10 11
176 342 14 15
360 327 7 7
159 377 10 13
303 378 10 8
323 368 12 20
381 382 13 12
54 348 13 19
821 420 11 9
891 447 14 14
799 433 11 13
956 349 7 7
604 434 13 13
576 403 9 11
585 409 10 13
586 371 11 9
200 368 6 11
598 371 7 10
741 342 5 7
54 379 10 14
158 319 10 10
163 291 8 13
345 417 14 19
