108 499 18 20
0 483 22 21
231 423 17 18
360 436 12 14
304 493 18 23
238 548 29 15
49 601 39 32
77 404 14 13
376 539 30 21
427 460 15 14
307 391 14 15
366 373 10 12
447 377 15 16
536 375 11 15
521 427 15 19
564 457 12 15
477 444 14 11
114 359 9 8
164 352 12 12
205 375 14 15
41 365 10 9
8 374 10 10
6 338 10 8
17 335 7 8
36 326 8 8
45 329 7 7
162 337 8 8
200 348 10 10
212 308 8 7
100 299 6 6
95 326 8 10
187 343 7 9
178 329 7 7
178 304 6 8
309 325 9 9
293 321 9 9
306 346 9 10
397 362 9 10
373 356 10 9
340 356 9 11
335 336 9 12
397 329 10 11
384 318 7 10
417 339 11 12
425 348 7 11
442 325 8 9
464 337 11 14
413 377 9 11
383 285 6 8
289 301 8 11
379 338 8 9
499 357 13 13
454 307 8 12
603 482 18 15
649 476 20 18
663 443 18 19
735 433 18 23
773 414 15 19
739 378 12 16
693 365 12 15
575 362 10 12
680 544 25 32
747 480 22 25
617 421 12 16
839 569 67 62
869 428 23 28
908 417 20 21
948 474 26 29
856 386 17 24
853 367 13 13
813 340 12 16
829 326 10 12
808 307 8 11
887 338 11 10
1004 337 12 15
1002 310 13 18
957 275 8 8
648 349 9 11
689 330 9 11
754 326 10 12
731 295 8 11
715 407 12 17
646 331 10 10
592 317 8 9
505 325 8 9
535 326 8 9
572 345 8 9
603 333 9 12
867 306 7 9
601 319 11 12
658 314 6 8
393 298 9 11
412 321 10 14
252 336 9 12
52 338 10 9
