966 586 51 48
900 511 41 41
822 516 27 34
940 475 25 30
995 481 28 36
838 467 19 22
933 429 26 22
980 421 28 22
958 399 17 16
914 391 21 21
978 372 20 15
1002 371 12 14
988 343 15 14
982 338 11 9
960 351 16 15
1020 354 4 8
908 374 21 18
941 339 10 10
937 344 8 8
932 343 8 9
917 343 15 14
898 343 13 13
894 329 9 10
890 397 22 20
860 422 24 21
867 394 16 13
882 357 14 14
871 352 10 13
854 350 14 14
861 340 8 8
854 331 9 8
841 322 10 9
2 498 80 66
870 313 6 6
855 303 6 5
828 319 7 7
838 308 7 8
840 301 5 5
882 303 4 4
806 323 11 12
815 311 6 8
851 319 6 7
795 323 7 8
783 314 8 9
794 306 6 9
777 340 13 13
770 338 8 9
758 327 10 12
756 313 6 7
777 320 5 8
773 311 6 7
789 342 8 9
836 388 17 15
816 395 19 18
798 380 15 17
814 364 11 13
824 359 9 9
812 350 12 14
773 366 15 12
747 378 15 17
766 408 18 19
723 397 16 18
747 363 15 15
763 357 10 13
715 356 11 11
724 337 11 12
738 329 8 8
747 322 6 7
712 324 9 11
696 334 9 8
741 308 7 8
727 329 8 8
707 319 8 7
693 310 6 7
692 301 7 7
714 305 6 7
708 304 7 8
723 299 6 6
790 299 5 5
691 363 11 15
715 432 21 24
659 446 29 28
821 449 19 21
727 564 31 29
620 529 25 31
603 367 10 14
592 314 6 7
601 315 6 8
583 309 8 9
563 313 7 7
570 322 7 8
560 331 11 10
586 297 5 5
566 299 4 4
569 294 5 5
553 292 6 6
609 294 6 6
597 307 6 7
593 300 7 7
576 292 5 6
483 296 22 25
503 267 20 23
470 257 19 23
521 273 13 13
466 238 8 14
397 259 12 20
361 284 13 17
325 289 8 10
290 300 14 15
275 288 14 15
219 270 19 19
246 279 7 6
215 274 7 8
208 273 5 6
120 296 14 15
110 291 8 12
115 284 7 6
136 292 8 12
183 299 11 15
333 282 8 9
348 293 9 11
336 361 16 22
212 418 20 28
270 415 14 27
27 286 18 16
15 291 7 11
65 289 11 12
81 286 10 13
56 271 7 7
0 302 13 13
25 272 7 9
51 267 5 6
80 273 9 9
151 293 8 13
0 273 6 10
952 295 6 7
173 295 12 19
