0 707 6 9
28 664 6 9
61 668 5 8
36 735 12 14
86 718 11 10
130 735 10 10
157 747 12 11
182 726 10 12
152 722 10 11
109 672 9 10
134 677 11 11
146 639 6 8
123 660 6 6
129 655 5 7
185 646 7 9
210 696 10 11
251 718 9 11
270 688 9 10
317 713 9 9
349 727 10 12
374 715 7 10
363 650 9 10
17 568 7 6
164 491 6 7
64 486 6 6
73 445 6 6
91 447 7 7
119 471 5 6
147 472 6 7
178 484 6 6
176 469 5 6
193 466 5 6
167 462 5 5
144 449 5 5
161 445 6 5
2 507 5 6
0 472 5 6
35 453 4 6
37 396 6 6
29 348 3 4
62 379 4 4
77 397 5 6
93 381 4 5
68 369 4 4
93 364 4 5
93 334 5 5
112 332 3 5
112 363 3 4
117 368 4 4
134 377 4 6
126 363 5 5
127 329 5 5
144 367 4 4
145 357 5 6
152 340 4 5
158 328 4 5
162 354 4 5
171 377 4 5
191 374 5 5
181 353 5 4
181 346 6 5
187 323 5 4
23 258 3 3
40 261 3 4
91 306 3 4
97 285 3 3
112 284 3 5
279 582 9 10
240 498 6 6
194 496 6 6
343 512 9 9
358 540 8 8
385 540 6 7
411 559 7 7
387 490 9 8
372 446 5 5
332 484 6 7
340 510 5 7
304 479 6 7
297 462 5 6
218 475 6 7
219 445 5 7
238 446 6 7
231 429 5 5
277 458 5 5
231 473 4 5
267 475 5 6
233 460 5 6
263 477 4 5
248 427 5 7
297 416 5 5
296 407 6 6
305 412 5 7
332 387 4 5
287 388 5 6
289 444 5 5
223 350 4 5
202 348 3 3
198 344 4 4
200 333 4 3
217 323 4 5
238 322 4 4
253 340 5 5
282 323 5 5
296 313 3 5
302 304 4 4
261 315 3 4
258 308 3 5
234 308 4 3
224 309 4 4
203 303 3 3
207 296 3 4
189 297 3 4
186 287 3 3
247 294 4 3
257 286 5 6
275 307 3 4
304 294 3 3
295 285 5 5
281 284 6 5
221 250 4 3
188 251 3 3
190 237 2 3
209 251 3 3
164 228 3 3
177 253 2 4
193 226 3 3
11 286 4 4
6 228 3 2
14 227 2 2
61 222 2 2
57 216 3 2
55 209 2 2
62 210 2 2
114 230 3 3
104 232 2 3
148 214 2 3
125 219 2 2
116 212 2 2
129 210 2 2
212 222 3 4
200 221 3 3
274 252 4 3
252 282 5 4
314 274 5 8
223 281 4 4
237 271 6 7
252 275 3 4
310 321 4 3
326 340 4 5
340 337 3 5
305 352 4 5
324 309 3 3
320 306 4 6
335 289 3 4
350 291 2 3
354 298 3 3
365 309 3 4
344 319 4 4
344 330 4 5
339 212 4 4
349 207 3 5
365 237 4 5
375 226 3 4
366 230 4 5
348 225 3 4
354 223 5 5
363 218 4 5
362 206 2 2
347 236 3 4
432 314 4 5
449 308 4 5
376 280 4 4
395 274 4 5
408 258 4 5
415 276 4 4
426 260 4 4
441 260 3 4
435 271 4 4
433 295 4 5
407 335 4 3
410 316 4 5
486 318 4 5
456 345 4 4
472 336 4 6
463 326 4 4
352 386 6 6
373 367 4 5
394 363 4 4
404 365 4 5
433 417 6 6
464 375 4 5
439 483 5 9
468 473 6 9
495 459 6 7
531 451 5 8
523 522 6 7
530 544 6 7
585 555 9 11
437 533 8 10
414 616 7 7
396 687 7 11
477 646 9 10
531 740 8 11
431 752 8 10
443 613 9 9
482 603 7 10
523 606 8 11
563 640 8 11
487 574 6 6
509 579 6 8
437 583 9 9
420 759 7 8
409 756 7 10
446 597 7 7
495 582 5 7
489 354 4 5
485 345 3 4
526 349 4 4
517 374 4 5
549 369 4 5
559 361 4 5
549 402 4 6
585 394 6 7
621 404 6 6
591 420 3 6
626 415 3 5
601 439 6 7
620 441 6 7
630 425 6 6
569 454 7 7
644 491 7 7
634 519 6 7
675 449 6 9
675 535 8 8
631 569 8 8
636 550 5 9
705 536 5 7
722 504 7 10
753 525 6 8
746 542 6 9
834 513 6 7
880 538 7 8
928 570 6 9
893 541 7 9
879 558 5 8
618 655 8 10
598 634 7 10
631 613 8 10
642 632 8 8
635 672 9 12
683 715 7 10
678 739 6 8
762 737 8 10
747 727 8 10
769 644 6 10
769 619 5 9
749 635 9 10
739 622 8 11
705 616 5 9
682 594 7 9
830 746 6 11
829 683 6 8
857 712 7 11
946 651 7 11
930 632 7 11
906 634 6 10
899 643 5 11
831 618 7 9
820 639 4 8
907 672 9 10
991 731 6 10
956 713 6 8
965 668 5 8
917 728 8 8
926 737 5 9
899 726 8 8
