964 288 50 48
905 325 40 54
767 276 45 52
866 247 38 49
942 192 33 49
776 242 33 37
773 197 33 34
982 151 29 27
837 173 35 38
824 141 20 32
863 119 24 27
862 99 14 23
1007 6 9 11
1001 0 8 8
984 9 8 10
969 0 8 7
902 0 7 6
820 6 10 9
782 1 10 8
769 36 14 17
743 54 12 19
744 16 10 10
704 1 9 11
714 14 8 10
692 3 9 10
671 5 7 10
688 29 7 11
688 51 16 19
694 80 16 18
640 78 14 19
634 106 16 24
691 131 12 21
782 148 17 26
685 167 35 43
701 247 36 50
654 323 49 69
623 270 39 50
589 256 31 38
591 178 32 37
580 129 22 28
545 97 12 19
542 71 9 17
507 79 14 20
470 124 20 24
457 58 14 19
536 6 10 13
459 5 9 11
393 130 22 29
351 63 4 18
351 61 13 18
351 38 9 16
359 9 9 12
356 0 8 7
327 3 9 11
296 0 10 13
242 7 9 11
256 40 12 17
253 76 19 18
264 95 12 16
316 127 25 31
256 134 16 17
214 72 17 22
183 91 22 23
211 1 6 10
374 155 16 26
334 185 34 37
316 225 40 44
159 54 18 16
128 53 14 18
149 82 16 20
154 114 28 31
148 163 30 32
161 238 46 45
423 184 31 33
435 235 18 36
471 172 23 35
517 180 24 30
90 154 38 35
111 85 20 26
78 83 17 25
108 55 15 20
46 44 20 19
0 55 13 17
16 85 14 16
0 89 14 20
74 124 15 26
0 174 28 42
45 239 58 67
162 295 55 76
249 252 44 51
303 309 50 60
385 305 40 39
287 383 56 84
181 441 52 55
29 515 102 109
451 317 55 71
516 234 44 59
578 575 47 75
783 451 67 73
26 40 10 13
673 85 14 22
