135 463 24 49
148 490 29 27
313 227 30 48
438 117 31 52
22 483 36 34
866 449 27 38
823 385 29 37
749 411 26 34
692 395 30 39
586 411 31 35
564 406 29 37
555 357 23 24
477 370 27 33
873 364 24 27
648 310 20 27
678 290 15 23
361 341 29 29
363 301 21 24
55 298 22 20
0 298 8 22
716 383 22 28
671 335 20 22
883 330 21 20
713 421 17 26
907 406 23 30
723 265 11 16
929 248 9 13
948 173 10 13
928 174 9 11
979 174 9 13
951 232 8 11
928 234 9 12
851 224 11 13
906 174 8 14
882 177 9 11
862 183 10 11
582 279 19 28
756 160 10 14
746 266 12 17
496 229 8 12
592 349 23 28
450 361 23 38
343 302 18 21
26 231 9 12
990 165 9 12
864 246 11 14
904 237 7 8
839 248 9 10
936 430 24 33
747 380 23 29
719 334 15 17
185 228 29 40
36 275 19 20
33 259 18 22
132 186 7 10
741 158 8 10
778 169 7 11
795 161 7 12
812 160 8 11
887 168 8 10
784 242 12 13
883 237 6 7
813 266 11 12
802 481 27 36
