513 118 7 8
487 121 8 10
534 117 7 9
553 104 6 6
561 95 6 7
575 94 5 7
584 117 7 7
603 121 8 13
595 123 6 8
524 106 4 6
535 129 5 8
542 125 6 8
548 129 7 8
556 125 9 11
572 122 8 11
587 127 8 11
566 145 16 22
542 150 20 21
517 146 13 17
497 144 21 21
477 136 18 21
457 138 14 16
465 149 15 15
410 195 33 34
611 168 16 21
665 192 29 25
617 124 8 11
736 118 10 11
746 119 13 17
740 133 11 13
768 129 12 14
782 119 10 11
803 134 9 13
785 145 16 20
772 177 23 30
693 191 20 20
801 204 41 49
831 180 28 38
844 127 15 20
864 138 9 12
881 161 26 32
904 144 11 15
919 147 8 12
908 125 9 12
816 123 10 11
846 222 31 42
936 137 12 16
947 143 14 16
966 144 14 18
973 134 12 12
988 133 11 11
997 139 12 13
1012 150 11 14
996 176 19 26
951 193 25 28
924 208 34 41
976 218 34 42
932 281 61 78
865 333 65 71
737 389 104 129
692 322 46 54
784 286 38 41
614 209 26 36
649 230 36 53
579 226 31 36
464 239 39 43
481 308 82 107
307 312 64 75
137 341 60 75
123 227 50 69
128 176 32 38
196 196 37 42
268 197 42 47
301 186 26 33
327 178 31 35
60 201 29 46
0 189 32 46
22 150 17 17
55 167 24 28
66 151 19 23
110 154 11 13
68 133 13 15
111 131 13 13
54 140 11 12
50 133 10 13
46 127 9 12
23 124 10 10
11 135 12 12
7 112 10 12
28 112 9 12
