59 215 8 7
371 245 9 10
449 274 6 8
459 268 7 10
483 281 7 10
559 278 7 7
363 392 26 32
564 342 18 31
402 310 20 28
300 310 14 22
515 332 27 39
107 384 39 62
862 317 15 17
208 293 7 9
189 310 6 7
168 293 8 9
216 266 9 11
244 267 11 11
56 233 6 7
214 280 7 8
921 313 18 19
912 277 6 8
260 286 7 9
47 328 10 18
16 201 10 12
50 215 8 12
95 233 5 7
349 243 8 9
392 285 7 9
454 294 6 6
417 281 4 6
607 276 6 8
595 293 5 8
605 293 5 9
572 279 7 8
576 266 6 8
473 250 4 5
615 273 5 9
578 290 8 7
830 262 9 10
592 257 7 8
1006 245 6 7
901 258 7 9
862 263 8 11
958 268 9 7
1011 266 6 8
171 241 6 7
86 289 7 10
181 238 5 7
235 278 7 8
