929 237 16 19
889 193 17 20
814 264 15 17
861 315 16 19
747 234 18 21
773 227 17 19
710 241 17 19
643 223 17 20
733 369 14 19
767 390 17 17
641 380 19 20
991 460 15 20
952 536 18 19
941 504 20 21
911 476 12 18
938 487 15 15
864 496 19 24
898 519 17 18
849 534 18 19
767 529 17 16
738 516 19 21
803 494 16 19
790 458 20 21
838 453 14 17
826 430 12 17
849 413 13 18
835 397 15 19
782 413 16 19
754 444 15 19
726 412 12 17
718 467 20 21
664 499 17 19
646 472 16 21
680 430 16 19
697 422 14 15
649 425 13 17
624 442 16 19
584 460 18 20
577 416 17 20
580 388 16 19
598 502 19 15
543 493 18 21
528 446 15 18
497 482 18 22
443 461 20 23
434 441 16 14
464 380 17 20
427 371 16 19
380 405 15 20
546 306 18 21
500 325 17 19
480 304 16 21
440 288 19 24
408 302 16 18
393 256 14 18
339 448 17 19
289 441 17 20
306 410 17 17
254 389 17 20
229 465 16 14
211 447 14 16
299 338 18 21
226 345 17 17
286 320 16 22
235 291 18 22
262 235 16 17
217 266 15 16
316 315 17 13
295 259 12 15
161 426 16 18
177 394 19 22
187 360 17 20
104 387 18 19
102 431 18 19
139 312 19 21
119 358 15 19
180 309 16 19
175 301 14 16
91 318 20 21
19 326 17 20
26 380 16 18
40 365 17 19
16 261 15 16
72 264 14 20
94 225 15 18
132 213 16 19
115 200 11 15
39 412 18 20
101 297 11 16
0 336 8 18
25 304 14 19
553 140 17 20
534 133 17 21
489 138 19 21
445 143 17 17
401 132 18 19
992 542 17 11
953 656 18 22
898 663 14 19
870 641 16 20
866 608 15 22
201 84 16 20
285 94 17 19
318 95 14 17
338 120 14 14
852 359 18 23
