75 288 34 34
0 311 6 6
9 308 5 5
31 266 16 18
70 257 21 26
103 269 9 12
136 272 10 14
160 265 16 17
150 269 8 9
166 286 17 22
241 263 11 14
113 290 10 12
258 262 4 5
269 262 26 25
292 266 11 17
362 264 23 27
410 249 8 10
426 296 4 5
432 289 3 4
447 261 11 16
508 267 8 13
574 283 26 30
602 258 9 10
538 252 12 14
525 257 5 6
681 246 22 26
673 256 5 7
645 250 4 8
641 295 6 6
645 298 3 5
568 258 3 4
628 297 4 7
706 254 6 5
784 258 4 6
839 278 24 28
748 312 5 8
772 303 4 5
730 259 5 6
771 262 5 6
782 260 4 5
766 259 3 5
971 266 46 43
947 264 18 22
880 257 18 15
821 260 5 5
723 360 22 29
928 255 7 9
916 253 8 10
315 264 5 7
220 273 11 11
222 252 10 14
15 330 11 12
