1009 194 14 22
983 233 31 37
862 136 41 46
852 137 20 32
775 141 35 35
730 166 33 37
667 140 29 29
635 157 25 26
612 167 20 21
624 117 13 38
575 203 32 45
566 156 22 27
530 153 21 25
504 145 23 24
446 138 34 40
580 105 16 37
533 126 12 21
512 119 10 17
495 116 12 20
475 111 11 23
614 134 9 19
602 139 13 20
522 84 18 42
490 63 15 32
402 120 10 10
367 116 9 12
374 94 12 17
394 67 10 15
310 42 7 8
335 40 9 11
315 16 10 16
334 9 8 12
366 63 11 15
379 64 12 19
400 172 18 21
381 167 14 15
360 181 18 20
320 210 44 45
320 157 19 21
272 197 19 24
242 153 29 40
268 149 21 21
244 119 12 13
235 118 9 12
434 149 8 12
426 147 9 12
195 60 19 21
170 113 21 22
184 178 21 27
171 150 21 24
130 157 26 27
107 163 23 28
106 92 22 25
123 97 17 21
717 164 27 31
