590 332 17 19
604 273 18 22
653 274 18 20
234 118 12 15
218 95 10 14
189 136 11 16
171 125 11 14
120 140 11 13
86 114 12 15
70 104 11 13
11 138 10 15
20 102 10 15
18 7 9 13
28 25 10 14
66 11 10 14
97 0 9 11
119 9 10 15
133 23 10 17
172 7 12 14
184 32 11 15
442 139 11 15
541 134 10 15
424 110 13 19
495 130 12 15
485 122 11 13
482 93 11 15
552 158 11 14
609 155 9 15
593 129 12 15
610 94 12 14
675 153 11 16
661 134 10 13
676 117 11 15
678 101 10 15
524 87 13 14
801 150 11 15
859 152 11 14
938 154 12 11
742 134 12 17
839 118 11 14
896 119 10 13
962 118 10 15
783 97 11 13
740 83 12 15
859 92 9 13
907 96 11 15
973 101 11 15
360 31 9 12
408 29 10 13
394 9 12 15
345 6 10 11
439 37 12 14
452 11 10 15
507 28 10 15
562 29 10 14
598 31 11 16
551 6 11 14
613 30 12 14
683 22 11 15
665 5 10 12
759 20 11 14
736 9 11 14
799 24 9 16
800 5 10 14
855 14 11 14
998 58 10 13
895 29 10 14
910 5 10 16
955 27 10 15
