51 244 7 10
66 271 9 10
171 190 20 28
10 263 11 12
50 220 7 10
86 240 7 9
419 110 32 42
500 135 32 47
898 181 20 26
613 236 8 12
834 263 9 13
321 250 6 8
18 234 6 9
183 249 6 9
176 276 6 9
75 192 5 6
23 205 4 6
73 183 4 5
22 184 5 6
98 210 5 6
359 272 5 7
290 225 4 5
336 215 3 5
300 203 4 5
278 214 4 5
277 199 4 5
743 270 7 9
761 240 6 9
117 269 7 8
714 265 7 10
86 267 7 9
665 262 8 11
127 273 7 10
152 270 5 7
110 239 6 8
79 236 5 6
138 238 4 5
19 210 7 8
79 228 5 7
76 210 5 7
109 214 6 7
134 230 6 7
153 229 7 8
162 240 5 7
147 260 6 7
112 253 6 7
174 239 6 7
184 235 7 9
164 215 5 6
152 199 5 6
127 200 5 6
49 189 5 8
117 198 4 6
289 269 6 8
339 267 6 8
316 226 4 7
263 206 5 5
302 214 4 6
333 200 4 6
267 228 5 6
979 224 13 16
928 183 6 8
952 191 6 7
999 168 6 7
1009 168 6 8
842 225 7 8
840 194 7 7
968 220 8 11
1019 213 5 8
730 239 5 5
675 240 7 10
667 231 6 5
714 235 6 8
722 239 6 8
987 168 6 9
959 172 6 7
954 146 6 7
930 159 6 7
865 184 5 5
899 149 6 6
