83 36 23 29
137 110 20 30
220 73 24 30
198 128 11 15
39 16 10 15
28 67 5 9
37 67 6 8
316 93 4 6
325 90 3 5
338 90 3 5
317 81 4 4
411 89 4 4
408 80 3 4
366 82 7 10
393 48 8 7
557 53 42 61
845 86 41 59
53 268 64 88
402 395 23 35
9 458 26 26
609 519 12 16
483 499 15 19
575 558 6 8
442 539 5 7
665 553 6 9
682 562 7 8
692 551 6 8
770 552 7 10
785 551 7 9
793 521 6 9
784 518 6 9
752 526 6 8
726 522 5 7
715 525 7 9
701 522 6 9
684 524 6 8
912 437 20 33
851 595 12 16
937 572 10 14
984 533 9 12
575 533 6 9
595 499 5 6
622 498 5 7
341 35 6 11
