139 291 5 6
133 286 4 6
130 284 3 4
138 296 4 5
138 320 4 5
123 334 4 6
114 287 4 6
103 283 3 5
92 280 4 4
101 295 4 5
103 332 4 6
96 335 5 5
85 342 6 5
80 306 4 6
87 294 3 5
80 289 4 6
62 310 3 4
46 340 5 9
23 338 4 6
22 313 4 6
40 305 4 5
62 300 5 6
56 310 4 6
61 336 6 9
92 344 4 7
39 322 4 5
28 367 4 6
22 373 5 8
22 404 4 6
43 384 5 7
54 389 5 7
64 391 4 6
51 409 5 7
70 402 4 6
73 412 6 6
85 415 6 8
28 295 3 4
20 282 3 6
21 296 2 5
57 293 4 5
16 340 5 7
27 343 4 6
126 426 7 9
139 438 5 9
134 439 5 8
111 437 6 8
76 441 6 9
102 451 5 10
84 447 4 8
91 479 8 11
94 468 6 7
61 434 7 9
49 430 6 8
35 426 6 6
22 446 7 6
36 443 5 7
26 461 5 9
144 487 5 8
92 518 10 14
139 531 8 13
42 379 5 5
32 377 5 4
10 393 5 5
9 398 5 7
8 410 5 7
4 422 3 6
2 407 4 6
7 420 4 6
103 423 5 9
7 450 6 9
102 472 8 9
103 622 19 31
87 575 7 15
221 486 6 10
251 471 4 7
269 475 5 8
279 487 4 9
175 453 6 6
164 449 5 8
195 466 5 6
196 478 5 6
323 554 8 11
304 583 11 14
481 584 11 12
628 600 5 10
816 665 9 16
951 645 8 12
982 638 9 11
179 229 3 3
189 239 2 4
216 281 3 4
174 274 4 4
160 253 3 4
155 231 3 4
144 232 3 4
177 247 4 4
171 255 4 5
168 294 5 6
249 227 4 5
240 228 3 4
225 229 2 3
260 279 4 6
268 270 3 4
251 288 4 4
371 339 4 5
421 366 5 8
503 360 4 7
477 357 4 5
539 351 4 6
558 350 3 6
570 369 5 7
626 377 4 7
268 289 2 5
238 292 4 5
225 302 4 5
221 310 5 5
246 328 3 5
237 305 5 7
255 303 4 4
273 300 4 4
255 309 4 5
285 300 3 5
290 306 3 5
299 304 4 5
314 304 4 5
319 295 4 5
308 289 4 6
268 303 3 6
203 280 5 7
256 261 6 4
272 249 5 6
253 270 3 5
239 310 5 5
324 256 3 5
335 255 4 8
311 255 3 6
337 280 4 5
312 279 3 4
348 253 3 5
370 264 3 4
374 290 5 5
357 290 2 4
323 299 3 6
320 279 4 6
386 274 4 5
398 272 4 6
397 291 4 7
390 290 5 5
354 235 3 5
336 244 2 3
324 247 2 3
349 277 3 4
401 265 4 5
399 255 3 4
394 249 3 4
425 238 3 4
416 248 3 4
408 248 3 5
413 239 2 4
399 240 3 4
440 285 3 5
430 294 3 4
430 305 3 5
444 309 3 5
455 311 4 5
462 311 3 5
477 315 3 4
489 316 5 6
482 299 4 5
473 299 4 4
468 286 4 5
479 288 4 4
456 295 4 5
501 319 4 6
466 317 4 4
533 313 3 6
511 322 3 5
531 323 3 5
500 292 4 6
491 290 4 6
534 273 3 4
519 272 3 4
497 270 3 4
484 271 2 3
474 270 3 4
447 267 3 4
454 277 3 4
505 261 3 5
521 262 3 4
530 264 3 4
515 283 4 5
493 279 3 5
548 323 4 5
558 327 4 5
570 328 4 6
584 330 3 6
586 297 4 6
575 297 4 5
563 298 3 4
549 295 4 6
558 283 4 5
546 308 4 4
581 267 3 4
594 264 4 5
544 262 3 4
587 285 2 3
596 290 2 4
606 289 2 3
606 305 3 3
600 312 4 5
594 310 4 5
705 268 2 4
695 268 4 4
703 277 3 4
695 277 3 4
680 277 4 5
673 280 4 5
666 283 4 5
657 285 3 3
643 282 3 5
635 280 4 6
602 271 3 4
611 282 2 3
648 294 3 6
661 297 3 4
666 298 4 4
677 307 3 5
709 314 3 5
716 328 3 6
706 327 4 6
698 312 4 5
690 327 5 6
683 325 4 5
657 306 5 4
665 333 4 5
646 341 4 5
646 332 4 5
628 341 4 6
620 336 4 6
615 327 4 5
602 340 4 5
601 334 3 4
603 327 3 5
593 324 6 5
575 357 6 4
657 360 5 6
626 292 6 8
639 297 7 8
623 317 4 5
639 318 3 5
580 308 4 6
468 258 3 4
460 248 3 5
464 240 2 4
381 281 3 7
416 217 3 4
459 267 3 5
569 306 3 4
580 279 2 5
526 252 3 4
537 253 3 4
548 254 3 3
559 257 2 3
560 246 3 5
545 244 2 3
497 229 2 3
517 230 2 4
515 248 4 6
510 269 2 5
500 250 3 5
565 222 3 6
561 232 3 4
522 220 4 4
507 211 3 4
576 224 2 4
588 225 2 5
494 262 3 4
474 248 3 4
422 226 3 4
765 237 2 4
755 238 3 3
729 243 4 5
748 249 3 4
732 259 3 4
791 249 3 4
829 253 4 4
843 255 4 5
835 268 4 6
818 277 4 5
822 266 3 5
798 263 3 6
785 263 4 5
774 265 4 5
782 273 3 5
773 275 4 5
756 272 3 5
738 281 5 5
750 285 3 5
789 274 3 5
807 274 5 5
837 280 4 4
845 295 4 5
831 291 4 5
795 286 6 7
741 294 4 5
730 301 4 6
749 306 3 6
774 298 4 5
775 289 3 5
792 299 3 4
805 300 4 5
816 296 5 7
831 306 4 5
814 315 6 9
797 313 4 6
801 327 3 6
811 328 5 7
844 318 4 5
775 309 3 4
763 305 5 8
735 318 4 5
743 319 4 6
756 321 4 5
751 335 4 5
781 337 3 5
785 321 3 8
774 324 3 6
795 340 3 4
768 337 4 5
731 307 4 5
722 304 4 5
710 301 5 5
719 296 4 6
720 319 3 4
705 342 4 5
713 341 5 7
725 350 4 4
751 351 4 5
754 352 4 7
766 361 5 7
721 333 4 5
638 260 3 4
644 258 5 5
608 257 2 4
601 275 3 5
628 261 4 4
603 248 4 6
655 216 4 7
634 236 3 5
671 246 3 5
688 242 3 5
696 240 3 5
707 242 3 5
357 278 5 7
333 290 3 4
310 261 4 5
358 262 4 6
364 235 4 6
350 243 5 6
502 310 4 5
523 312 4 6
531 302 3 4
561 321 4 5
570 319 4 5
567 285 3 5
558 307 3 5
853 256 4 5
792 219 3 3
782 221 3 4
819 228 5 4
832 229 4 4
846 212 3 3
621 241 3 6
620 260 3 5
645 250 3 4
650 228 3 4
585 207 4 7
665 210 4 5
577 207 4 4
596 207 3 4
609 216 2 4
588 198 2 4
629 199 3 4
609 190 3 4
626 190 4 6
607 197 4 6
599 219 4 5
765 285 4 6
797 365 5 6
799 354 4 6
789 354 4 7
812 337 5 7
827 342 5 7
786 364 4 6
810 372 5 5
831 367 7 8
814 359 4 6
957 238 5 7
947 232 2 4
934 224 4 5
918 226 4 5
908 245 3 6
906 233 4 9
930 244 6 6
916 247 6 8
945 249 4 6
933 276 7 7
919 273 5 8
903 273 4 5
924 286 6 7
886 246 4 4
881 257 3 5
922 262 4 5
934 263 4 5
949 265 3 6
959 258 7 6
957 317 5 8
941 327 5 6
926 342 4 6
918 355 5 5
905 357 5 8
891 353 6 8
903 259 6 6
896 259 3 5
894 224 4 4
864 236 3 4
868 257 4 5
847 269 4 5
862 269 4 6
877 271 4 5
889 274 3 5
904 298 4 6
898 287 5 7
871 283 4 5
889 286 4 6
860 283 4 6
886 297 5 6
890 309 5 7
869 306 5 6
859 321 4 6
877 323 4 7
889 325 3 4
914 303 5 5
854 339 4 4
845 347 5 5
860 304 5 6
844 303 6 10
908 380 6 8
896 377 5 7
863 338 5 6
886 366 4 8
876 364 4 6
843 371 7 8
841 364 6 11
861 373 6 7
856 362 6 6
976 241 4 5
965 252 4 5
1000 230 7 7
997 242 7 9
1009 286 5 6
967 307 3 5
1013 296 6 8
859 291 4 9
830 318 4 6
973 253 7 8
1017 312 5 7
1009 304 7 7
1008 336 6 9
1006 324 3 5
988 338 5 6
991 359 5 5
1006 358 4 6
972 338 5 6
958 346 4 7
987 368 4 6
945 346 5 7
937 351 2 4
936 368 4 4
996 339 6 7
875 376 5 7
936 378 7 8
957 389 8 11
1007 393 7 11
988 243 3 5
1014 218 5 7
1011 208 5 6
995 207 4 7
985 220 3 5
970 219 4 6
956 204 4 5
945 205 4 4
969 197 3 5
932 214 4 5
971 370 5 5
992 405 6 7
847 235 3 4
892 235 4 5
875 241 4 4
906 215 3 4
897 215 4 5
883 211 4 5
868 212 4 4
908 203 3 5
895 201 4 7
894 193 4 5
882 221 4 5
922 215 4 5
904 191 4 5
905 226 4 6
966 205 5 5
980 185 3 4
967 185 3 3
995 187 4 4
955 185 4 5
944 181 4 5
966 175 4 5
976 176 4 4
998 178 2 3
943 195 3 4
906 166 4 5
916 192 4 6
894 170 4 6
894 181 3 6
918 174 3 4
932 185 4 4
928 173 2 5
955 165 4 4
940 162 4 5
930 165 3 4
915 154 4 6
440 220 3 5
429 216 4 6
421 215 5 5
437 198 4 6
456 196 3 3
883 201 3 7
875 195 4 6
868 198 4 6
842 187 4 6
854 212 4 7
859 196 5 8
829 190 5 7
851 168 4 5
846 167 4 6
712 256 4 5
697 255 3 4
759 224 4 6
735 222 5 5
746 223 4 4
736 235 3 3
729 236 4 3
717 227 5 8
683 211 4 4
676 208 6 6
664 220 3 3
687 230 3 5
696 223 3 3
702 213 3 4
696 202 3 5
688 201 2 4
754 196 4 4
717 214 3 7
724 215 3 6
736 215 3 5
765 225 4 6
760 207 3 4
745 195 3 6
705 194 3 6
711 192 4 4
830 221 4 5
819 199 3 5
810 198 3 5
792 208 3 5
794 188 3 4
794 199 3 3
488 205 2 4
519 211 3 4
508 231 2 4
982 206 5 6
988 167 4 6
1000 142 4 5
973 135 3 4
988 155 4 7
952 134 3 5
938 136 4 4
992 184 2 4
1003 186 5 10
1009 158 5 5
1007 143 4 8
