545 402 88 78
217 460 15 21
290 451 13 21
347 475 15 21
361 424 14 17
203 432 14 21
124 442 14 21
48 454 16 18
61 408 15 16
145 438 12 18
184 459 10 16
2 448 12 16
1 420 9 16
705 474 16 24
680 438 13 18
654 481 14 22
781 489 23 16
857 484 12 13
848 507 14 18
894 510 16 22
167 633 18 22
108 629 17 20
135 672 17 23
232 637 17 25
260 604 17 24
287 580 15 20
305 630 17 23
207 608 15 22
220 586 14 21
167 568 17 24
104 573 15 20
44 568 19 22
285 672 17 23
288 704 17 21
243 707 19 20
175 706 17 24
225 743 20 27
286 741 20 23
342 758 60 68
263 773 20 28
288 815 18 26
342 737 16 23
350 715 16 21
180 923 23 36
203 968 26 29
172 1116 26 35
235 1157 22 32
250 1102 25 32
0 779 97 75
522 153 15 21
630 160 13 20
699 183 13 19
606 125 18 20
608 63 15 22
798 83 15 14
767 452 17 16
1004 447 14 17
710 622 16 22
740 599 15 20
788 645 15 19
818 657 16 21
830 630 15 19
844 604 13 19
874 629 14 21
870 659 14 21
919 673 14 17
942 630 19 22
934 603 16 20
992 609 15 21
981 639 14 16
988 694 16 21
934 695 16 22
802 726 17 21
726 657 16 21
690 692 14 21
696 717 18 23
592 712 19 23
588 685 17 23
692 752 17 25
739 754 17 21
793 757 18 19
728 812 19 26
733 789 17 24
676 822 19 25
660 856 19 24
720 850 22 25
770 859 19 22
782 817 20 26
835 796 16 21
861 764 16 20
906 816 19 23
944 792 18 21
935 730 14 20
961 739 17 22
867 724 20 24
997 757 18 24
951 830 16 21
974 844 15 15
946 864 17 19
971 897 18 24
1008 898 16 24
1015 832 9 23
737 1058 24 35
740 991 23 32
669 986 21 30
685 959 22 29
1002 1095 22 31
766 896 18 25
721 905 19 19
652 798 23 28
883 690 15 21
701 31 16 23
867 91 12 18
678 86 13 20
832 73 12 17
237 478 17 22
1007 1192 17 39
