83 567 7 16
871 518 9 18
994 535 11 19
1017 636 7 18
960 493 6 12
102 562 9 17
987 481 11 18
994 471 10 11
19 77 5 8
42 77 5 7
66 78 5 6
84 79 6 7
104 84 3 5
123 83 5 6
122 96 4 5
125 112 4 5
106 112 5 7
106 91 5 7
86 98 5 5
82 108 6 7
69 98 4 5
56 95 4 5
31 94 4 6
9 94 5 5
30 107 5 6
7 159 5 6
22 162 6 7
53 140 6 6
69 142 5 6
34 161 6 7
37 174 6 5
75 169 7 6
93 157 7 8
111 158 6 8
119 172 7 8
101 168 5 6
86 167 6 7
58 165 6 7
97 130 5 7
81 131 5 6
63 124 5 6
1 116 4 9
0 133 6 9
155 129 5 5
156 141 7 7
163 152 6 7
163 163 5 8
147 161 7 9
134 159 5 9
142 176 5 7
155 178 7 7
132 144 6 8
137 99 4 5
143 81 5 7
160 83 5 7
27 64 5 6
55 63 4 5
54 49 6 6
36 49 4 5
89 51 5 7
79 63 6 8
96 65 5 6
110 64 6 8
112 51 5 7
131 54 5 6
134 67 5 6
145 53 4 6
148 66 5 6
161 56 5 6
182 69 6 7
179 58 5 5
165 68 4 6
174 132 6 7
180 149 6 8
179 164 6 7
123 3 4 7
102 4 4 6
127 16 4 6
108 16 5 7
119 33 4 6
104 33 5 6
86 31 5 6
68 33 4 6
52 32 4 6
55 18 4 5
65 6 4 5
93 18 4 6
77 8 5 10
150 5 5 5
161 8 5 5
156 18 4 7
158 31 5 7
174 35 5 7
137 35 5 7
141 18 4 7
259 8 4 5
246 6 4 6
230 7 3 6
215 5 5 7
196 5 4 6
182 5 4 6
191 18 4 7
210 20 4 5
229 24 6 7
245 18 5 6
177 21 4 6
188 35 5 7
207 38 4 5
221 39 6 6
206 56 5 6
254 60 5 6
256 73 5 7
256 89 5 7
224 82 7 8
204 96 5 8
235 70 6 7
235 81 5 9
350 10 4 5
358 13 4 5
373 15 4 6
392 13 5 7
378 27 4 5
360 29 5 5
350 30 4 5
335 26 4 7
322 24 4 5
301 23 4 5
280 37 5 7
300 36 5 7
314 40 5 6
352 43 5 6
341 43 3 5
329 44 4 5
382 45 4 5
391 45 6 7
406 47 5 7
395 65 5 7
380 60 5 7
363 61 5 8
351 64 4 7
331 59 4 7
293 58 6 7
313 81 4 7
331 78 6 8
354 77 5 7
372 82 6 8
404 96 6 9
385 80 4 6
382 115 4 8
369 90 5 12
362 115 6 7
348 109 6 8
335 108 6 10
350 128 7 8
339 131 5 8
320 126 6 10
308 126 7 8
291 124 4 7
315 108 5 7
297 106 6 7
280 73 8 10
289 91 7 9
269 75 5 7
272 92 6 6
270 105 5 7
239 119 6 9
244 138 6 7
263 143 6 7
283 140 6 7
299 142 5 7
221 118 5 7
199 119 6 6
197 134 6 7
214 133 5 8
224 138 5 6
194 148 5 7
214 154 7 7
230 153 7 9
250 158 8 8
273 159 5 7
289 162 6 8
291 177 5 7
272 177 8 9
256 175 6 8
238 173 7 8
219 173 6 7
202 168 7 8
187 168 6 7
173 175 6 7
196 185 7 9
221 185 5 7
238 187 6 8
251 186 4 7
256 198 5 7
279 192 7 9
303 193 5 9
328 6 8 8
409 0 6 5
409 15 4 5
440 6 4 6
446 4 4 6
454 4 5 6
470 4 3 6
463 15 5 6
445 17 4 5
422 0 5 4
463 29 5 6
442 31 4 4
422 32 4 5
412 42 5 7
427 48 3 3
451 44 4 6
473 48 7 6
448 67 7 7
416 65 6 8
337 145 6 7
363 145 6 10
396 151 7 11
412 155 6 7
428 159 5 7
451 157 5 8
468 160 8 11
473 140 6 6
478 105 6 9
448 142 6 8
427 136 6 8
414 135 6 9
430 128 6 10
429 119 8 11
458 120 7 8
456 100 7 9
435 69 5 7
477 89 6 6
534 6 5 6
523 6 6 7
522 18 5 6
505 4 4 4
493 4 4 5
500 18 5 7
301 75 6 8
272 60 5 6
321 95 5 6
275 123 5 6
259 122 6 7
324 145 5 6
428 16 4 5
487 3 4 5
485 14 5 6
496 29 5 6
475 35 4 6
495 50 4 5
415 82 4 6
428 81 5 6
498 88 3 5
510 73 5 7
496 105 6 8
27 124 6 8
26 143 4 9
32 142 4 7
633 9 4 6
615 8 4 5
592 7 6 7
577 18 5 6
593 19 6 7
615 26 5 8
622 26 3 5
626 43 4 5
612 39 3 6
561 39 5 6
578 41 4 5
593 56 6 7
604 61 6 7
627 60 5 6
622 78 5 7
597 78 6 7
581 77 6 7
561 75 5 6
567 55 5 7
554 53 5 7
534 50 6 7
526 72 6 8
542 72 6 8
518 89 4 6
541 88 5 9
556 91 5 8
576 91 6 9
574 113 5 7
559 107 5 9
543 107 5 7
518 104 6 9
570 129 6 7
557 127 6 7
531 126 6 8
506 128 6 8
490 128 5 6
318 156 4 5
312 165 5 6
318 196 7 8
360 166 8 9
379 178 7 8
397 175 7 7
414 176 7 8
410 195 7 10
378 195 8 7
345 185 7 9
320 182 7 9
312 179 6 8
330 234 7 5
639 76 6 8
661 79 5 8
598 96 5 7
613 96 5 7
635 101 6 6
651 100 5 6
638 118 5 9
612 118 5 7
594 112 6 9
592 134 7 8
610 136 7 8
635 133 9 8
659 136 8 9
651 161 7 8
625 155 6 9
612 152 7 9
594 152 6 8
574 150 6 9
568 168 6 10
584 180 5 7
609 176 6 8
625 178 7 9
650 180 5 9
606 193 7 8
559 187 6 8
390 96 4 5
441 179 5 8
459 180 5 8
493 141 5 7
507 150 5 8
527 151 6 7
541 149 6 8
549 167 7 8
518 164 7 9
501 168 6 8
483 160 6 9
575 193 6 9
535 184 6 9
521 185 5 8
494 186 6 8
480 181 7 9
526 205 5 9
543 207 6 8
568 213 7 9
587 215 6 9
558 223 7 8
558 235 8 9
523 227 6 9
501 219 8 10
434 200 8 9
451 212 8 12
420 196 6 7
478 124 5 7
469 201 9 8
623 203 5 7
614 216 7 9
629 216 7 10
611 232 8 8
636 233 7 10
646 242 6 7
657 221 6 8
682 203 5 10
696 205 6 7
674 221 7 12
685 236 7 11
705 243 7 11
540 261 5 10
587 266 6 12
550 257 8 9
525 259 7 11
592 229 8 9
645 6 4 5
671 9 5 7
679 9 4 6
699 16 4 4
682 27 5 5
679 33 5 7
679 42 5 7
672 41 5 7
660 30 5 7
643 25 5 8
647 57 6 8
661 62 5 5
682 66 5 7
702 60 5 8
703 43 5 7
724 45 5 6
746 41 6 9
741 25 5 6
729 30 4 6
703 24 5 7
720 9 5 7
740 11 5 7
731 63 5 8
749 65 7 7
738 85 5 7
717 84 5 7
701 83 5 7
679 84 6 7
738 100 6 10
720 99 8 9
696 105 5 6
715 127 5 8
695 120 6 8
677 117 7 8
680 101 7 8
757 18 5 5
755 30 7 7
783 12 4 7
801 13 5 8
818 13 5 8
840 13 5 6
803 33 6 11
781 26 6 8
778 41 8 9
766 44 7 10
763 70 6 9
763 85 6 8
831 98 6 7
853 95 6 9
851 116 5 8
831 119 5 7
928 4 7 8
948 5 6 8
979 3 5 8
1007 17 5 7
998 39 6 6
976 24 5 7
960 21 4 6
939 18 5 6
912 18 4 6
1000 58 5 7
975 58 6 8
966 41 4 7
955 35 6 8
942 37 5 10
915 38 5 7
890 41 5 7
878 53 6 7
899 59 5 6
921 58 6 8
926 73 6 8
947 58 5 8
948 79 6 8
968 82 6 7
999 83 5 6
1017 80 6 11
1001 103 6 10
978 104 6 8
959 100 6 8
934 101 6 10
903 100 5 7
906 79 5 6
882 74 5 8
869 69 6 12
885 100 5 6
878 118 6 9
937 122 6 6
973 122 6 8
1020 129 2 10
964 146 6 9
947 139 6 8
915 137 7 11
892 138 5 8
988 128 5 9
918 118 6 9
1018 169 5 9
995 170 7 8
972 185 7 9
964 167 6 10
940 165 6 9
952 187 6 9
935 208 5 10
917 189 6 7
908 206 6 8
917 228 6 9
948 239 6 10
896 181 8 11
892 158 6 8
861 136 7 8
863 157 6 8
845 151 8 9
822 153 8 7
817 175 7 8
840 176 6 8
864 183 6 7
861 199 7 9
882 211 6 8
865 224 7 9
886 236 6 7
832 216 7 9
823 203 5 9
800 226 5 7
775 215 7 9
775 144 7 12
806 189 8 10
1011 47 7 12
987 84 9 6
916 161 6 7
1018 196 5 10
1007 195 5 9
1015 260 7 12
1006 277 8 12
845 267 8 7
875 271 7 7
725 185 7 10
752 164 8 8
754 211 6 8
749 226 8 10
809 266 8 9
750 260 6 7
177 113 6 6
243 104 6 6
260 107 5 7
208 129 4 7
184 180 7 7
