472 174 36 51
409 252 43 58
57 202 21 27
4 318 13 18
53 286 6 8
35 268 7 10
9 268 10 12
9 258 8 10
8 243 6 9
36 235 6 8
40 224 6 7
6 225 5 8
15 211 6 10
13 202 6 6
23 204 7 9
38 196 5 7
27 176 5 8
2 192 7 8
22 192 6 7
60 235 7 10
81 191 6 7
89 198 5 8
104 213 5 8
111 225 5 6
112 234 7 8
125 286 7 10
138 302 8 12
153 309 6 11
144 327 10 14
108 206 6 7
132 190 5 7
114 200 8 9
127 213 6 7
123 225 5 7
131 233 5 8
150 243 7 9
159 228 6 6
181 238 6 7
164 242 5 7
164 253 8 8
183 256 6 8
121 275 7 7
124 253 6 9
147 267 6 10
154 281 6 8
161 280 6 7
161 296 7 11
171 291 5 7
197 223 5 7
186 225 5 6
197 183 5 9
152 181 5 7
132 208 5 9
144 210 6 6
4 151 3 8
24 154 4 6
56 157 4 8
69 170 4 6
83 172 3 5
109 175 3 6
122 166 4 8
130 168 4 7
113 157 5 7
88 140 5 7
71 144 5 6
61 138 5 6
141 172 4 4
121 136 2 6
208 232 5 6
201 250 6 4
179 249 7 6
215 239 5 9
228 237 6 7
229 249 5 7
197 259 15 20
228 281 6 7
271 294 7 8
260 261 5 8
241 260 5 8
273 252 5 8
296 240 5 9
264 222 4 6
285 239 4 7
463 324 6 9
470 318 7 9
444 329 7 9
392 256 4 7
365 238 5 6
353 239 4 6
395 241 4 6
579 330 8 10
638 117 34 48
907 135 31 43
766 230 14 22
608 339 6 11
627 329 5 8
625 347 5 9
618 353 6 9
610 357 5 9
