461 110 82 118
980 522 21 27
956 506 20 25
929 521 19 24
923 491 16 23
929 452 19 22
964 449 15 22
1010 506 14 27
1008 477 16 28
886 515 24 28
856 487 20 25
896 460 21 27
865 449 18 25
849 424 17 22
882 404 20 23
932 415 15 20
954 399 15 24
990 433 19 22
1001 416 16 22
996 380 14 21
826 476 16 23
837 460 15 21
821 449 16 22
800 506 25 29
771 501 22 29
730 525 25 30
709 503 23 29
656 502 24 31
791 493 14 21
772 470 19 24
622 405 19 25
206 528 22 28
262 531 23 28
340 490 21 21
284 494 18 22
209 488 20 25
267 476 17 17
158 483 18 24
134 465 19 23
102 477 18 22
89 468 18 22
955 316 17 20
967 345 16 21
943 342 15 19
886 319 20 25
907 266 16 20
865 265 13 18
843 314 17 19
811 289 15 17
816 259 16 18
755 334 16 19
779 321 13 18
729 318 15 20
701 280 14 20
773 281 14 19
750 270 12 15
770 262 12 17
770 249 14 15
715 252 14 20
664 256 13 20
682 227 16 22
724 229 15 18
778 205 14 19
769 182 13 16
724 181 15 17
677 182 16 18
634 181 13 18
585 176 14 20
628 248 12 15
946 222 14 20
957 199 13 18
982 220 12 17
998 177 13 18
966 182 15 16
955 150 13 14
1006 363 13 16
150 155 12 16
190 158 12 17
231 180 13 15
256 203 12 15
235 227 15 18
209 243 14 14
259 266 11 14
299 232 11 17
285 175 14 20
280 139 13 17
328 151 15 17
393 162 14 16
431 156 14 14
336 72 12 14
288 81 13 15
243 80 13 16
192 67 13 16
299 195 14 19
65 115 74 96
596 74 12 16
546 66 12 16
422 14 15 16
296 571 24 33
360 552 12 17
