870 59 22 34
953 186 71 113
904 173 61 90
692 223 73 87
806 186 39 45
590 216 69 87
476 227 64 80
294 240 65 81
126 295 57 69
32 246 59 65
99 200 43 54
189 216 32 33
241 248 31 40
722 96 39 32
655 108 34 39
593 78 27 35
491 157 34 39
523 92 26 32
440 110 29 37
397 149 25 31
414 113 22 30
466 65 21 28
536 19 24 30
389 69 24 30
340 154 29 31
234 193 30 34
271 128 27 31
245 167 26 31
148 141 28 30
217 102 24 35
138 110 24 30
96 130 25 34
180 72 25 34
30 150 30 34
415 17 20 19
449 0 25 32
624 10 25 25
208 10 18 22
157 3 18 25
267 6 17 24
296 0 23 19
92 42 22 28
23 76 21 28
46 42 20 24
565 198 32 41
296 95 28 31
55 194 22 27
0 292 42 71
336 0 20 20
