767 996 35 45
749 971 22 26
782 974 35 42
865 978 21 26
882 1012 30 38
894 978 31 40
937 983 27 31
960 972 23 23
994 978 29 35
1003 1002 21 36
993 930 22 28
972 909 18 24
930 908 23 25
774 923 24 29
851 918 20 32
908 955 23 28
904 925 25 30
851 896 23 29
868 863 18 24
913 867 20 26
972 861 24 28
973 834 19 25
998 816 19 25
981 781 26 29
976 759 20 24
991 749 23 23
983 720 23 23
979 700 18 20
1000 680 18 25
942 652 19 25
949 684 18 25
897 675 20 24
836 653 18 18
804 668 16 20
841 677 17 20
790 649 20 18
776 672 18 20
771 692 21 20
739 701 18 23
758 725 17 20
758 742 18 20
779 715 19 25
824 697 19 24
824 721 25 28
888 707 18 23
880 737 20 23
923 734 20 21
925 766 19 21
921 807 24 28
923 786 20 19
904 837 22 23
860 847 18 19
859 808 20 29
877 810 21 30
789 836 24 24
795 808 23 25
801 778 24 24
832 773 18 25
865 771 20 19
874 787 18 22
796 867 22 25
893 641 21 25
971 607 18 23
972 579 15 21
928 587 17 22
880 583 14 17
851 621 17 19
791 620 19 19
810 607 14 16
807 558 15 14
813 541 14 15
673 567 24 22
715 569 17 21
748 493 19 21
717 479 17 17
695 462 16 18
667 427 11 12
684 434 13 15
703 454 14 16
729 468 11 15
738 452 11 15
728 430 10 11
695 406 13 15
766 476 12 14
788 482 14 19
803 482 11 12
827 491 13 17
793 518 12 13
875 504 12 15
857 470 12 14
838 482 11 15
868 492 12 15
887 470 11 15
909 489 10 18
926 477 12 17
956 508 15 16
976 459 10 15
988 492 12 17
1003 476 11 17
848 450 12 11
829 444 9 12
810 457 12 12
790 440 12 14
801 432 12 15
773 461 12 13
812 415 12 16
866 443 11 16
890 451 11 12
933 443 13 19
954 482 13 16
310 388 15 15
331 371 17 19
364 363 14 13
369 383 14 16
390 402 11 13
410 409 15 19
354 420 14 14
337 394 12 19
350 386 13 16
314 422 11 15
322 439 10 12
341 441 12 14
376 434 11 16
400 423 11 14
401 449 14 17
423 477 14 19
346 490 19 21
320 484 13 16
304 555 17 20
408 550 21 24
520 401 76 69
11 560 15 15
22 586 17 16
14 622 18 20
49 635 18 24
78 567 18 22
98 587 18 24
108 646 15 18
129 623 18 19
143 607 16 20
161 592 16 19
178 563 21 23
240 552 18 21
197 556 19 22
217 603 19 22
179 616 19 20
243 627 20 29
254 615 15 16
291 622 16 23
306 598 18 21
259 579 19 25
223 584 20 22
16 461 17 21
39 473 15 16
63 466 15 18
109 468 15 15
109 441 16 18
150 444 13 16
190 436 13 16
169 432 11 12
233 455 15 17
267 445 18 13
262 467 15 14
298 433 15 16
276 482 15 17
58 594 19 22
51 619 20 22
361 602 17 19
390 580 17 22
419 599 17 23
393 629 16 22
368 645 20 25
328 644 21 23
26 774 22 29
50 804 26 27
27 829 27 29
17 858 22 26
3 888 19 27
3 933 24 29
3 966 23 29
5 1003 36 46
34 988 29 38
65 985 29 42
53 962 27 25
91 978 25 31
120 1000 27 33
137 959 28 36
98 931 25 29
83 856 24 31
105 828 24 29
135 822 30 33
173 939 21 33
180 983 37 43
212 973 23 30
165 989 29 40
219 1009 40 42
249 928 23 33
268 958 27 25
268 987 26 36
288 997 37 38
348 966 29 36
79 667 16 20
148 674 17 22
193 663 17 22
182 689 22 24
152 706 23 29
186 711 25 25
182 735 25 25
227 685 19 26
261 664 19 18
294 688 21 23
266 705 20 23
238 736 21 25
216 761 25 23
263 775 20 31
273 758 23 23
300 732 21 25
320 705 21 26
356 691 14 18
360 722 18 23
352 752 22 29
320 778 25 30
304 805 23 27
352 831 23 29
372 820 20 23
386 787 26 27
413 756 23 27
399 690 16 19
437 703 20 25
392 865 27 33
496 994 25 36
506 937 23 30
133 505 22 23
632 595 89 74
184 481 14 17
64 433 14 18
44 394 15 17
43 426 13 16
42 456 11 14
75 409 11 13
88 397 11 13
108 409 15 17
127 424 12 16
134 400 12 15
67 376 13 16
71 360 12 16
55 353 11 14
48 321 13 15
76 336 10 15
86 353 11 15
108 361 12 16
106 338 13 15
148 355 12 17
164 376 13 17
188 384 13 16
206 376 15 15
220 433 14 18
230 414 15 19
251 402 15 16
290 378 13 15
281 355 13 17
233 384 10 13
250 325 11 15
171 358 14 16
206 332 12 14
222 344 12 18
174 327 11 15
246 359 12 17
763 416 14 19
757 390 12 14
852 402 12 16
947 432 12 14
420 647 20 22
374 667 18 24
356 556 16 17
0 810 15 25
