437 192 51 64
284 257 49 56
990 1 34 78
801 408 21 28
770 409 23 26
704 310 22 30
650 407 19 24
605 414 16 21
566 415 18 22
634 379 13 16
787 382 16 20
785 329 14 21
740 329 13 17
647 321 16 18
755 276 13 18
803 275 10 13
741 272 11 14
734 304 15 17
583 408 11 14
620 401 13 16
387 421 15 21
381 405 16 16
111 371 15 19
32 375 13 18
51 368 13 18
77 403 10 14
107 298 13 18
88 317 15 17
10 289 14 18
32 288 10 14
43 264 11 11
154 305 11 16
207 295 12 18
210 404 15 19
11 389 17 17
47 221 14 17
29 207 13 16
78 207 10 16
104 226 9 13
114 212 13 16
142 230 13 16
172 229 12 13
185 250 11 14
171 271 12 16
139 267 12 17
206 264 9 11
240 241 12 16
252 228 9 14
249 188 10 14
197 184 10 14
154 203 13 16
294 194 12 16
342 222 13 18
87 179 13 14
48 177 13 15
36 321 14 18
104 151 10 14
115 166 10 13
158 170 11 11
193 158 11 15
220 148 11 15
252 169 11 14
260 142 11 16
239 121 13 15
235 104 13 14
237 84 13 13
201 96 13 12
192 121 13 14
153 109 10 13
166 99 13 14
123 107 12 13
108 127 13 14
130 73 12 13
39 160 12 14
63 135 10 14
34 138 11 13
29 118 12 13
44 94 11 15
52 71 10 14
89 74 13 16
100 34 11 13
57 41 11 14
5 82 11 14
14 62 11 14
28 22 12 14
141 47 9 14
198 53 10 13
161 44 11 14
266 6 10 14
225 23 11 14
188 3 8 11
244 55 10 14
227 66 9 11
87 94 11 15
64 110 11 14
0 142 9 18
654 250 11 16
706 257 13 14
726 234 10 14
763 221 13 15
688 218 13 16
726 214 12 17
723 196 11 15
642 195 12 17
682 194 12 16
611 216 12 18
646 216 13 15
638 234 10 12
593 230 10 13
605 194 11 14
615 174 11 13
555 185 12 14
513 189 13 14
516 175 13 15
437 155 13 14
411 192 11 15
396 212 11 15
420 222 12 15
400 155 13 14
392 136 12 13
437 137 11 14
496 120 13 14
466 115 11 14
499 96 10 13
538 124 9 13
570 122 10 13
629 149 14 16
568 174 13 13
673 152 14 17
662 139 14 17
699 134 13 16
634 122 11 13
601 145 12 16
733 142 13 14
684 100 12 14
755 120 10 13
778 113 12 15
800 95 13 16
726 96 11 13
769 135 13 15
842 109 12 15
798 211 13 14
813 235 13 16
779 231 11 16
750 36 10 12
782 28 13 15
631 38 12 13
590 14 9 13
536 35 12 13
617 6 12 14
403 121 12 16
426 121 11 16
397 100 12 16
605 125 11 14
366 21 9 11
380 7 8 11
