505 227 35 64
62 582 6 11
28 595 7 13
16 586 4 9
18 611 7 14
85 618 8 15
90 578 6 13
137 588 6 12
158 590 6 11
153 622 11 14
223 610 8 14
185 596 5 9
139 569 5 10
113 572 6 12
102 572 5 9
112 556 5 8
264 601 6 11
256 625 10 14
322 613 9 17
288 606 7 12
315 596 5 10
22 561 7 14
54 568 6 10
66 560 6 11
351 606 6 11
344 564 7 12
311 572 9 12
303 559 6 12
235 555 5 11
237 619 6 12
203 569 6 10
208 556 5 10
415 614 6 12
503 584 7 14
548 613 7 11
545 630 8 9
567 618 10 21
625 587 14 27
464 565 5 8
471 580 7 16
680 598 6 11
685 622 7 13
703 629 12 9
148 574 6 11
