68 304 5 7
85 308 5 8
66 324 7 9
87 319 5 6
81 330 6 6
72 319 5 7
4 296 6 9
1 324 6 11
21 353 7 10
66 336 6 11
62 358 7 10
69 370 8 10
55 366 8 12
73 392 9 9
59 385 9 14
157 409 7 14
201 399 7 11
246 401 8 12
186 441 11 12
217 446 10 13
239 429 11 16
258 436 11 13
276 425 10 14
298 429 9 14
306 414 6 8
312 304 5 7
325 313 5 8
282 302 5 7
311 324 5 7
297 326 5 6
261 321 4 7
228 324 6 7
291 340 7 7
320 357 5 9
333 349 5 7
312 339 7 9
312 438 7 12
339 300 4 6
353 298 5 5
396 307 4 7
416 305 4 7
433 303 5 7
437 325 6 7
427 329 5 7
433 342 6 7
403 326 5 7
401 315 5 6
390 325 5 9
382 318 4 6
352 332 6 7
373 336 5 6
385 351 6 7
410 345 6 6
445 363 5 9
425 380 7 9
430 365 5 8
432 397 6 10
423 355 10 22
398 361 6 8
386 372 6 7
367 346 5 10
362 356 7 7
344 347 6 7
344 357 6 8
379 384 5 8
374 394 8 8
355 384 6 7
341 369 7 8
337 377 7 7
519 297 4 5
506 306 5 6
479 295 5 6
453 306 4 6
450 331 6 9
445 306 5 8
648 294 4 6
650 312 4 7
634 294 5 6
631 301 4 7
612 296 4 7
602 305 4 6
606 296 3 5
591 294 5 6
572 295 4 5
563 299 6 8
574 313 5 8
587 320 5 6
614 318 4 7
621 319 3 6
624 330 5 7
625 318 3 6
609 326 4 7
610 409 9 12
716 358 4 8
700 356 4 6
661 375 7 10
688 388 6 9
707 387 7 9
702 402 6 9
671 403 7 8
696 414 8 11
651 403 7 10
663 413 8 10
635 410 8 10
649 450 9 15
659 431 9 12
686 443 9 12
775 291 4 7
766 309 4 6
749 309 4 7
720 324 6 9
698 325 5 8
686 339 6 9
707 345 6 8
729 342 5 9
736 335 5 7
751 333 5 8
777 355 6 7
749 350 5 7
760 364 6 8
765 372 8 10
736 388 7 11
770 387 10 15
725 416 8 11
725 401 7 10
785 394 8 10
821 406 6 8
813 421 9 10
798 427 8 12
803 453 10 15
789 305 5 7
789 296 4 6
807 307 6 6
806 317 5 7
771 334 6 7
797 348 6 9
804 336 6 8
823 367 6 7
831 292 4 7
831 304 6 8
853 305 5 6
855 299 3 4
873 294 5 7
878 306 4 5
893 304 4 8
917 305 5 6
919 317 5 6
898 325 5 7
894 317 4 5
845 344 6 8
870 364 8 9
871 349 4 6
889 356 6 8
895 390 8 11
943 294 5 7
957 293 4 7
972 296 3 7
936 303 5 8
920 328 6 6
909 310 4 6
922 336 6 8
938 337 5 7
966 333 5 11
965 326 6 7
986 326 6 7
989 332 7 8
986 347 5 9
970 360 4 5
951 345 4 8
943 350 5 5
949 357 6 9
922 353 7 10
928 369 7 10
1002 366 6 10
895 343 6 7
930 381 6 8
954 382 6 9
979 384 6 8
975 377 5 7
1007 381 7 11
953 398 7 9
931 400 10 14
994 406 9 11
950 423 9 13
1001 426 7 10
972 451 9 14
990 375 5 9
890 447 11 15
901 440 8 10
875 355 7 8
897 380 8 10
793 361 8 10
822 334 5 8
760 391 10 16
206 462 10 12
575 335 5 6
282 326 4 6
