86 395 25 32
195 470 21 25
266 506 15 18
303 484 17 26
567 264 32 22
455 383 29 27
13 658 7 9
24 676 7 8
31 656 8 9
47 667 7 8
42 660 4 7
30 640 5 6
20 646 5 5
39 646 4 6
50 647 4 6
48 655 5 5
55 644 3 6
60 646 4 5
66 647 3 5
72 645 4 5
58 659 6 9
68 662 6 9
75 666 4 7
86 668 4 8
120 675 5 8
126 676 4 7
151 674 7 7
146 681 6 6
228 688 3 6
241 690 4 7
235 691 5 5
294 686 3 4
313 701 4 4
290 699 3 6
328 694 3 6
341 695 3 5
355 694 4 5
370 694 3 4
372 704 4 5
382 695 4 5
390 703 5 5
397 697 3 4
409 697 3 5
420 693 3 5
435 683 3 5
434 695 3 4
426 683 3 4
478 691 3 6
463 694 3 4
406 690 4 6
396 690 3 5
483 685 3 4
490 683 4 5
501 681 4 6
505 680 3 4
491 678 3 4
535 697 4 6
542 698 4 4
569 694 3 6
583 694 4 5
592 696 3 7
605 696 3 5
603 683 3 4
551 687 4 5
601 704 4 5
618 693 4 6
653 697 3 5
662 696 3 4
633 695 4 5
621 670 3 5
719 689 4 5
743 691 5 6
750 681 4 6
759 703 5 6
761 692 4 6
787 689 4 5
794 686 4 5
798 685 5 5
809 685 3 4
811 681 3 6
818 686 3 5
825 682 3 5
833 680 4 5
832 687 5 6
843 670 5 7
759 666 2 4
748 667 3 4
768 664 3 4
784 665 2 3
762 677 5 8
791 673 4 6
861 656 3 5
855 678 5 6
867 680 5 5
881 675 6 8
863 676 4 5
887 677 6 6
886 671 4 5
916 673 6 7
905 675 5 7
900 674 4 7
897 675 4 6
894 676 4 5
932 668 6 8
924 664 3 5
917 658 4 5
899 666 5 5
928 657 3 5
934 659 3 4
945 668 6 6
952 663 5 7
961 667 6 7
962 653 6 7
970 663 7 8
1015 666 6 5
1013 677 7 7
986 661 5 7
976 666 6 7
981 663 5 7
977 655 4 6
1009 646 5 6
995 645 5 6
988 652 3 6
985 644 4 4
975 646 3 5
970 650 4 5
983 635 3 4
690 387 25 28
839 190 27 36
