634 45 61 80
370 154 66 72
183 139 51 55
152 68 36 42
214 77 25 32
269 83 28 40
289 115 31 39
357 94 26 30
90 8 31 36
175 15 27 37
405 20 27 34
351 8 24 30
450 47 25 30
478 103 25 23
561 104 29 37
505 29 23 34
450 19 26 31
553 32 28 32
603 22 23 33
859 259 28 36
598 274 34 44
646 259 36 47
950 245 23 33
999 246 23 32
817 158 26 37
803 127 31 40
876 160 26 37
901 73 24 34
803 50 24 31
789 89 23 28
742 40 25 37
981 31 43 78
16 235 33 39
0 89 27 47
977 120 25 30
926 81 26 32
481 153 28 31
844 135 20 31
578 77 25 26
269 3 20 32
