41 199 75 117
419 58 128 186
619 450 24 35
609 518 36 56
691 547 48 40
931 443 33 39
851 386 26 35
892 381 27 31
949 373 26 33
992 483 32 82
743 481 27 42
947 489 41 69
667 446 30 37
858 354 20 25
818 410 22 24
748 379 18 22
788 348 15 25
734 350 19 26
712 360 15 23
853 301 21 30
816 336 26 30
1007 343 16 29
1010 383 14 26
1011 431 13 40
727 232 20 25
838 217 20 27
845 135 17 22
917 122 17 23
881 92 15 20
818 93 15 21
786 162 14 23
690 200 19 27
615 110 16 20
311 166 15 17
263 170 13 18
231 119 16 20
291 123 14 18
336 125 15 18
202 329 16 22
165 288 16 24
94 161 21 17
229 358 19 25
682 509 37 49
320 66 14 20
221 70 14 17
273 71 12 16
167 72 14 15
780 226 18 21
741 196 17 23
798 187 16 22
795 387 22 29
775 99 17 18
683 81 13 17
867 218 17 22
957 357 18 20
365 88 14 18
210 103 13 17
320 99 13 15
198 45 12 17
258 34 12 16
293 42 10 14
339 31 12 16
389 32 11 16
146 45 10 13
630 82 12 16
746 80 11 14
746 47 13 16
749 12 11 13
788 12 13 15
675 18 14 16
923 362 22 27
772 406 17 21
982 155 16 23
658 254 17 19
270 5 15 17
297 14 14 17
