119 389 8 8
534 292 9 8
550 278 8 9
511 257 8 8
701 213 12 12
663 220 10 11
751 190 10 11
553 434 14 19
14 392 7 9
14 427 8 9
95 397 7 10
101 411 9 10
189 414 9 12
946 156 13 14
978 146 12 15
1005 143 15 16
1006 195 14 19
879 237 14 16
908 234 14 16
913 253 14 18
937 235 18 21
976 197 13 16
954 246 14 19
975 263 18 25
962 281 20 26
898 292 21 24
882 354 20 26
951 353 19 28
926 389 11 29
827 384 20 26
867 431 25 34
876 464 18 22
50 407 6 8
56 402 6 7
67 401 5 5
74 404 11 14
112 398 6 9
131 388 5 6
115 426 6 9
122 427 4 8
99 444 13 21
127 430 9 13
137 449 13 20
170 460 19 16
195 456 14 19
223 449 12 22
234 457 14 17
254 458 22 22
277 461 17 22
158 391 8 12
194 431 11 12
203 414 11 12
241 398 9 11
316 424 10 14
385 411 11 17
389 397 10 13
383 394 11 12
332 374 10 14
337 359 13 15
350 351 8 11
377 349 8 11
362 370 11 10
375 339 6 8
364 333 7 10
378 327 7 8
347 332 7 9
324 335 8 8
313 380 10 10
305 371 6 9
287 345 8 8
243 381 9 13
232 379 7 8
390 313 8 9
392 278 6 9
216 345 5 4
224 358 7 7
434 304 7 10
451 291 8 8
483 256 8 9
493 262 8 8
484 295 7 9
497 284 8 12
506 287 9 11
499 299 10 11
417 337 14 13
429 327 5 8
431 319 5 7
448 322 8 11
467 317 11 13
442 370 13 14
402 415 15 17
443 415 12 17
471 384 14 14
489 399 14 19
499 367 12 18
494 358 9 10
499 343 8 10
514 360 15 12
519 339 11 13
540 328 12 15
567 313 12 14
557 343 11 11
567 339 11 14
579 246 9 9
638 227 9 9
629 269 11 15
615 298 11 14
616 230 9 10
615 283 13 12
660 257 11 13
671 265 12 12
684 253 7 12
661 278 12 11
661 293 12 13
659 310 13 13
646 327 10 17
614 346 12 19
649 350 12 16
689 308 11 16
707 313 12 19
722 294 10 14
714 251 11 15
704 250 8 11
763 250 10 14
785 233 11 16
800 259 13 19
814 273 16 25
777 266 12 16
732 310 15 22
792 317 16 17
798 336 17 21
697 351 15 19
701 389 23 27
779 385 22 29
800 428 22 29
786 471 24 32
146 398 7 8
152 368 6 7
165 369 7 8
198 387 9 11
199 353 7 9
211 349 5 8
236 365 8 7
182 366 8 8
275 369 7 9
291 370 9 10
260 360 7 8
306 353 7 7
316 351 7 9
316 366 9 11
244 341 7 7
249 331 7 7
264 339 6 7
304 342 6 7
279 305 5 6
300 299 5 6
288 301 5 6
306 316 5 6
280 327 6 6
332 310 7 8
333 292 7 8
337 347 8 9
371 310 7 9
366 286 7 7
309 300 7 7
298 354 6 7
298 335 6 8
271 320 6 7
516 434 16 20
532 447 17 25
579 424 16 23
591 474 19 25
607 430 17 21
700 486 24 20
552 242 7 9
573 244 8 8
591 236 7 8
602 238 7 8
724 282 11 13
785 186 9 11
828 228 10 14
847 178 10 12
868 218 13 16
878 171 12 14
914 162 14 15
841 278 13 15
858 272 12 14
888 250 12 16
858 251 13 18
115 379 5 6
106 388 7 9
139 372 6 8
412 274 5 6
443 268 6 8
406 294 6 7
0 422 6 9
3 396 6 9
