617 71 11 15
657 71 8 12
370 78 7 12
323 99 11 15
352 104 13 14
388 113 9 10
393 82 11 9
423 89 9 11
445 83 9 12
491 86 11 15
520 90 11 17
551 91 12 15
575 94 12 15
624 103 11 14
653 104 12 16
581 133 9 13
548 131 10 13
517 131 8 13
479 117 11 14
452 115 9 16
411 109 12 14
343 140 11 12
341 170 12 23
382 141 8 14
411 143 9 12
437 146 9 12
475 145 11 12
557 163 10 12
392 189 12 15
421 175 10 14
447 181 11 14
421 202 11 14
449 202 10 15
469 223 11 12
491 188 8 14
514 190 11 15
524 210 11 12
550 194 12 15
582 193 9 15
590 216 14 17
552 216 15 14
632 201 9 15
660 169 12 15
653 201 12 17
665 226 12 16
595 15 8 14
677 27 8 10
698 19 13 18
742 18 9 15
707 57 9 16
684 78 8 15
699 174 11 15
803 85 11 18
767 112 11 16
771 144 13 21
808 151 10 18
804 203 9 15
766 209 12 14
723 185 10 13
206 255 15 21
317 317 16 22
549 305 13 19
624 317 15 19
672 368 16 22
62 17 9 9
84 20 8 9
20 38 9 10
50 41 9 11
78 44 7 10
34 66 11 13
61 70 9 11
20 95 9 10
20 124 10 12
56 100 8 12
872 197 10 18
881 174 10 14
872 126 10 21
831 96 8 14
822 64 10 14
894 78 8 13
911 99 9 13
937 70 10 16
930 41 11 11
928 11 9 11
952 18 10 11
969 38 10 16
976 79 11 16
985 107 11 19
937 109 14 21
944 139 11 17
986 142 14 15
966 226 13 13
952 274 18 19
99 45 9 12
116 23 9 11
129 55 8 10
119 73 9 10
146 91 9 10
99 134 9 15
96 153 11 14
123 195 8 13
138 138 9 15
177 112 10 14
154 50 9 11
147 17 7 13
188 32 8 9
212 86 8 12
204 119 8 11
238 91 10 15
220 119 9 13
206 5 9 11
247 62 9 10
271 48 8 10
270 65 8 12
271 98 8 12
294 67 10 15
296 99 9 13
284 131 9 14
235 156 11 15
185 155 7 12
271 166 11 11
315 132 9 13
310 40 9 14
298 11 10 15
50 128 9 12
29 145 11 14
68 149 10 14
74 129 10 14
82 104 9 13
230 4 8 12
173 4 8 6
352 17 8 12
371 16 8 13
395 25 8 12
436 25 9 12
461 25 10 12
520 4 7 11
552 11 9 13
614 12 8 9
653 19 8 13
333 53 9 10
334 70 8 9
360 56 7 9
391 51 11 12
427 51 8 14
463 55 8 12
486 54 9 14
500 36 8 13
515 33 11 12
542 48 9 11
578 42 8 13
649 44 10 12
519 65 8 14
542 69 10 12
582 64 11 15
241 125 11 15
475 3 9 12
484 1 10 12
675 47 10 12
602 233 12 12
893 45 9 10
770 186 10 12
726 144 11 16
615 132 12 14
926 168 12 16
960 190 11 13
939 210 10 16
690 240 13 14
4 19 9 10
5 72 11 11
995 22 11 12
