920 212 8 12
915 234 8 12
939 226 10 11
969 226 7 10
534 197 10 14
547 197 9 13
961 177 10 11
85 181 10 12
843 212 8 12
860 149 8 11
850 134 10 12
863 108 8 11
743 174 9 11
953 29 8 9
341 88 9 12
721 234 8 13
358 273 10 11
861 78 9 13
840 46 7 11
772 35 9 10
811 38 7 10
577 42 8 8
590 34 8 9
606 46 8 10
628 9 7 10
562 12 8 8
599 88 9 7
320 71 7 10
320 185 11 13
355 182 12 13
13 146 10 13
901 93 8 10
925 98 8 9
909 127 8 11
950 120 10 11
844 90 9 10
758 180 7 11
767 195 9 11
790 203 8 11
786 159 8 11
792 174 7 11
826 168 7 11
741 280 14 14
793 275 13 14
644 283 14 14
844 3 9 13
931 14 7 9
908 13 9 9
884 16 8 8
556 225 9 9
282 144 11 14
327 38 9 12
400 135 9 10
402 97 8 12
227 78 9 10
58 101 10 14
413 234 10 13
417 255 11 14
129 142 10 10
310 12 10 17
294 159 9 14
253 159 11 12
230 151 11 13
228 136 10 13
261 119 9 11
250 108 8 12
225 94 6 11
944 174 9 9
943 144 9 13
378 97 7 10
354 79 7 9
382 69 8 11
331 15 8 10
940 55 9 10
505 42 7 11
383 47 8 10
584 220 12 15
572 221 7 12
623 185 10 12
610 246 9 12
572 252 8 12
633 225 8 14
422 109 9 14
454 116 10 12
452 130 10 12
797 93 10 11
496 129 9 11
238 223 11 10
10 38 10 10
28 38 8 9
31 23 10 12
391 180 11 11
417 182 10 10
432 187 9 15
277 162 10 13
236 24 9 11
189 17 7 12
197 7 7 11
308 92 8 14
824 212 10 13
798 222 9 10
393 233 8 14
439 29 8 11
450 39 8 9
454 33 6 9
481 38 7 8
455 61 8 9
444 83 8 9
463 88 8 9
566 102 8 13
391 91 9 9
507 100 8 10
466 2 9 8
487 203 10 10
460 185 7 10
515 198 10 14
421 72 9 11
538 113 10 11
769 88 9 11
723 88 8 10
763 77 7 8
797 54 8 10
777 61 8 10
915 73 9 8
947 89 8 9
930 122 6 7
918 169 9 10
159 90 10 13
767 112 10 13
775 0 8 9
107 14 9 9
89 12 12 11
897 197 10 12
283 7 10 12
884 45 10 11
596 6 10 11
532 269 14 14
797 330 18 23
811 331 18 31
59 303 13 21
48 256 11 18
83 256 10 15
88 225 13 14
71 194 11 17
101 200 10 15
103 174 10 16
58 155 10 17
42 134 10 16
33 102 9 16
148 168 9 12
143 248 9 12
101 241 11 14
169 236 11 19
69 225 8 12
24 169 10 16
28 233 12 18
44 120 8 14
42 92 9 14
545 293 13 17
552 95 8 9
296 183 10 15
294 258 8 14
322 255 10 16
337 281 11 11
297 291 14 17
356 297 15 17
969 14 8 10
731 12 8 8
64 89 10 16
95 92 10 13
113 86 10 18
88 104 11 15
628 74 8 11
645 89 8 9
702 78 8 11
661 32 10 11
708 14 7 11
698 35 8 11
736 73 9 11
642 47 9 11
870 44 8 12
29 13 7 9
54 13 8 11
67 27 8 11
80 18 9 14
84 33 9 12
62 40 10 12
83 68 9 12
115 52 9 13
131 47 9 13
60 54 10 13
8 217 10 14
6 259 9 13
140 34 9 11
185 35 7 11
192 34 9 11
176 48 10 12
159 64 7 9
142 66 10 11
139 105 11 13
351 49 8 8
204 78 9 9
184 65 8 10
843 175 10 9
874 177 11 13
874 234 9 11
899 228 9 12
884 204 10 11
274 106 10 11
248 84 8 10
258 76 7 7
976 146 10 13
978 127 9 11
977 102 9 14
775 244 10 13
728 199 8 14
689 184 9 10
699 187 10 13
656 180 12 15
651 150 11 11
615 149 10 11
635 153 9 10
598 142 9 8
621 135 10 10
634 134 9 11
628 100 8 9
651 117 9 11
663 114 9 10
698 119 9 13
681 111 10 11
137 284 18 17
924 273 15 13
461 290 17 17
517 281 14 18
79 138 9 12
62 141 11 15
102 158 10 12
890 25 9 8
917 59 7 10
1002 31 8 10
1005 102 8 10
528 246 10 10
378 254 10 12
365 257 10 13
369 239 10 13
397 252 8 14
988 229 8 11
978 176 7 9
1004 173 7 14
1013 150 9 12
670 81 8 9
921 22 7 7
211 121 9 12
102 35 11 11
126 35 10 12
163 16 8 11
286 80 11 15
302 104 8 14
13 69 10 15
9 109 10 11
17 91 10 13
47 57 7 14
467 134 8 13
672 62 7 9
678 98 7 10
167 118 12 17
325 108 10 12
204 232 11 15
196 174 7 13
226 253 11 15
234 235 11 13
279 199 9 16
507 72 9 12
534 83 8 9
496 42 6 10
200 65 11 8
633 206 11 13
529 23 7 10
523 67 7 9
552 51 5 9
522 41 7 11
501 4 7 9
552 34 6 10
511 4 7 12
540 16 8 9
175 99 10 14
658 208 10 12
676 239 8 13
731 245 9 11
749 248 10 13
760 249 6 11
495 18 8 10
705 97 8 11
652 78 9 9
689 76 8 11
715 130 8 9
728 115 6 9
266 36 9 15
224 3 8 11
318 53 8 10
304 55 6 9
943 106 9 11
993 104 8 11
233 92 8 11
372 102 7 12
876 217 10 11
922 183 9 14
886 165 9 11
880 127 7 9
363 4 10 8
394 15 7 9
424 32 9 9
266 160 9 13
113 104 11 15
40 165 12 18
557 27 13 14
737 123 10 13
838 25 9 13
786 34 11 12
832 91 5 8
882 62 5 7
939 96 5 9
833 185 7 9
810 161 6 7
913 116 8 8
763 147 9 11
754 264 8 10
16 244 15 17
119 255 9 14
162 35 11 10
0 216 5 12
20 306 12 19
1010 241 11 13
585 273 14 19
