230 174 18 22
95 240 23 28
409 55 22 22
240 152 16 18
427 266 20 25
50 131 17 25
121 113 15 17
144 98 17 22
180 96 18 28
248 117 17 23
152 152 20 22
157 177 20 25
186 185 21 25
78 148 16 22
1 55 8 31
566 133 16 17
610 143 18 25
584 162 17 20
544 194 17 22
362 116 15 22
152 28 15 15
102 174 18 17
44 188 20 22
820 18 13 19
900 26 18 24
409 125 19 19
765 147 20 26
812 107 18 19
869 84 23 28
905 106 17 23
897 86 24 24
983 246 22 27
642 0 18 18
669 35 18 20
701 17 14 17
583 192 19 22
504 253 19 23
1 188 15 20
75 200 19 21
90 138 18 21
433 219 15 26
484 207 17 25
115 203 19 21
357 177 16 20
338 105 18 21
91 108 18 21
199 5 20 17
273 44 20 22
579 86 21 24
615 74 20 24
963 140 18 22
906 215 24 31
839 190 16 23
384 367 32 45
410 141 19 23
441 165 17 20
479 122 22 27
425 96 20 25
454 104 17 19
382 129 18 22
392 81 19 24
96 10 18 20
608 244 28 32
504 347 34 39
483 357 25 31
11 170 16 23
345 134 20 24
845 45 21 27
337 41 20 24
144 269 19 27
237 250 26 33
905 170 20 25
614 333 39 47
570 332 33 47
335 179 18 24
337 164 16 21
703 144 19 21
15 119 18 23
856 4 17 19
970 23 20 24
935 165 17 19
975 159 17 25
981 200 16 24
667 173 19 24
635 173 24 19
274 185 19 21
246 188 20 25
229 174 18 22
567 104 17 25
459 33 26 30
516 54 14 24
493 8 16 21
112 138 20 25
615 42 20 22
947 97 17 23
535 76 18 27
490 88 17 23
348 5 20 22
417 1 22 19
96 243 23 28
42 258 22 25
851 168 17 20
510 176 17 24
522 113 20 23
832 108 16 22
285 136 18 24
218 163 16 22
787 174 22 23
232 77 21 29
877 174 20 25
752 189 21 21
739 217 26 32
661 257 22 22
631 196 24 24
434 348 21 32
163 204 21 25
301 159 20 26
783 112 18 25
789 58 14 20
319 82 23 24
542 30 18 23
581 8 17 24
546 109 18 24
392 197 37 42
788 232 29 40
516 141 18 27
303 115 18 24
732 55 18 20
755 118 21 24
37 17 25 24
294 89 19 23
890 124 17 22
298 211 23 26
302 254 24 29
227 128 19 23
271 166 18 21
250 172 19 18
253 154 16 19
32 154 19 24
0 146 16 21
957 101 18 21
589 139 19 24
