280 61 6 8
331 39 5 9
324 30 5 9
333 19 5 8
266 30 5 8
280 17 6 8
271 39 6 8
309 48 6 8
295 47 5 7
13 103 8 9
100 49 5 8
99 36 6 8
83 46 6 8
75 24 6 8
110 28 5 6
81 67 7 9
46 75 6 9
59 50 6 7
44 50 6 7
656 66 5 8
663 52 6 9
682 51 6 8
630 52 5 8
646 55 6 7
267 96 44 51
183 70 45 61
139 99 7 9
156 63 5 5
155 87 6 9
133 87 6 8
121 98 7 9
122 46 6 9
138 48 7 9
795 98 40 53
796 252 44 55
866 140 7 8
961 102 6 8
945 99 5 8
905 98 5 7
893 86 8 9
561 102 43 51
666 85 40 55
623 92 6 8
668 254 44 57
525 270 44 56
404 77 45 60
414 260 44 60
285 287 45 58
355 88 6 9
372 82 5 8
390 82 6 7
329 80 5 8
350 79 6 8
379 60 6 8
313 89 5 7
309 69 6 8
95 102 7 8
65 79 5 7
24 81 6 6
4 74 7 10
38 42 4 6
16 38 6 7
0 37 3 7
38 26 5 7
37 18 4 6
10 18 5 7
57 26 5 7
50 23 4 6
70 15 7 9
60 39 5 6
103 3 4 6
109 17 6 8
94 22 5 6
113 5 5 6
130 8 5 7
146 8 5 8
137 24 6 8
123 35 5 7
112 58 6 6
91 70 5 8
68 92 7 8
46 96 7 7
36 91 5 8
0 88 7 9
159 38 5 8
157 24 6 7
172 4 5 8
185 6 6 6
178 28 5 6
238 62 6 6
164 50 7 9
181 50 5 5
180 44 4 4
197 39 7 7
246 71 5 8
297 56 6 8
290 41 6 7
303 18 5 7
276 7 6 7
324 112 7 6
454 132 7 8
327 70 6 9
322 59 6 7
333 49 5 7
341 59 4 6
359 60 6 8
365 71 6 7
353 52 5 6
354 39 6 8
345 32 6 6
320 19 4 6
292 12 5 7
252 0 5 6
259 9 4 7
334 8 6 7
315 8 5 7
353 9 5 7
359 21 6 8
369 27 5 8
377 21 5 6
367 19 7 8
369 0 6 6
310 42 5 6
389 70 6 8
397 62 6 8
393 28 6 8
459 95 6 6
492 84 6 8
411 47 5 6
436 63 5 4
439 32 7 6
432 22 6 7
412 20 5 6
426 13 5 6
442 8 5 8
400 2 6 7
455 18 6 8
464 40 6 8
481 36 6 8
472 26 4 6
482 7 6 7
492 2 7 9
474 1 5 5
495 39 5 6
493 24 4 6
497 16 5 7
483 15 5 5
464 23 4 6
503 33 5 7
516 30 6 9
524 40 5 6
520 22 7 7
512 18 5 6
515 2 4 5
522 12 5 7
536 3 5 7
517 66 5 7
542 63 6 9
544 41 5 8
537 31 6 6
542 16 5 6
547 4 6 8
518 99 6 7
537 93 7 8
547 86 6 9
542 82 6 8
534 88 5 6
547 52 5 7
556 63 5 6
632 87 5 7
613 113 6 7
640 103 5 4
616 68 6 6
636 65 5 6
598 59 6 7
606 53 6 8
590 52 4 7
569 53 4 5
559 42 5 7
583 40 4 7
600 41 6 8
611 31 5 9
550 25 5 7
568 23 6 7
577 15 6 7
560 8 7 9
572 3 5 8
586 22 5 7
595 13 5 6
605 23 5 7
611 6 4 6
624 26 6 5
640 24 5 6
629 33 6 6
637 44 5 6
648 33 6 7
655 40 5 7
667 33 5 7
660 25 7 9
652 9 7 9
628 0 5 6
630 11 5 9
618 43 5 6
676 40 5 8
685 34 5 7
674 23 5 6
668 14 6 7
701 33 5 8
694 29 4 5
702 54 6 8
711 64 6 10
711 45 5 7
726 108 6 7
748 103 7 8
736 94 7 8
766 116 6 7
718 107 6 7
739 74 5 7
733 66 5 7
760 95 5 7
767 57 5 6
779 56 5 8
785 58 6 6
794 44 6 7
778 41 5 6
754 37 7 7
745 26 4 5
762 24 4 5
799 22 4 6
787 0 4 3
769 0 5 3
809 54 5 8
818 67 6 7
840 83 4 8
834 94 5 8
850 99 5 7
856 85 6 8
864 78 5 5
871 66 6 7
873 98 6 9
860 52 5 7
871 52 5 6
831 37 4 6
812 34 5 7
841 21 4 5
823 18 5 6
856 23 5 5
875 19 5 6
875 39 6 7
853 67 5 7
863 62 5 5
853 54 4 4
916 6 5 8
937 12 5 7
950 5 6 11
893 38 5 6
910 38 5 6
881 76 5 7
909 68 5 7
924 48 5 7
917 77 4 7
930 66 5 7
936 80 6 6
911 87 6 9
895 115 5 5
892 101 5 8
953 78 6 8
938 61 4 6
952 64 7 7
954 41 5 6
968 42 4 7
984 57 7 9
1011 32 4 7
996 49 5 7
1006 60 5 8
1014 50 5 9
1000 69 5 7
969 87 5 9
983 90 6 7
1005 100 5 8
1009 82 6 7
989 101 7 8
980 99 6 8
955 95 5 8
927 102 5 8
885 47 7 10
807 17 5 7
