145 305 21 29
171 276 22 27
241 283 19 29
193 340 20 25
232 318 21 29
292 292 19 22
359 312 19 28
397 322 19 24
467 264 21 28
418 316 20 31
479 320 21 23
509 316 23 27
139 415 21 27
134 456 21 28
206 432 22 28
247 420 20 28
323 382 20 28
289 460 20 29
330 449 22 27
370 405 22 28
377 450 22 31
436 414 20 25
462 422 23 31
514 421 23 31
431 447 25 30
504 470 24 32
364 514 23 30
579 301 21 35
642 314 18 26
713 319 20 26
777 306 22 29
863 326 19 25
550 467 21 27
596 422 19 31
646 422 22 28
656 460 19 30
708 416 23 32
761 427 22 28
818 474 21 26
893 487 22 29
46 449 21 29
209 301 17 26
601 296 20 25
