489 320 38 58
661 360 42 58
921 351 60 65
976 320 20 35
924 312 29 35
789 318 17 28
777 315 14 25
547 302 11 13
528 310 9 13
461 306 18 27
994 277 9 9
979 284 7 10
962 274 7 7
901 328 15 21
749 305 9 15
761 288 9 15
672 300 15 17
588 289 7 13
784 298 22 26
809 296 10 11
277 365 36 44
337 385 49 66
402 335 28 41
349 324 18 25
110 409 28 46
141 404 20 44
60 386 39 40
233 319 11 14
338 330 9 13
373 316 10 12
18 311 9 9
25 328 10 12
26 354 14 25
152 332 8 11
154 346 13 17
144 349 12 13
134 340 8 10
966 309 10 14
947 279 7 9
950 288 7 13
1009 288 8 10
265 382 22 34
190 316 8 7
0 329 6 13
573 298 6 8
566 295 5 6
717 313 10 16
259 341 19 22
252 329 16 23
814 341 22 37
748 292 11 14
654 348 34 50
