424 374 31 40
717 386 32 48
674 354 36 32
790 341 23 29
756 430 14 31
853 385 19 43
359 224 25 33
470 213 22 27
561 235 25 35
677 229 24 31
649 212 21 30
660 62 21 32
540 97 19 25
508 73 22 29
467 75 19 29
358 69 25 35
297 50 22 31
246 91 27 31
193 43 19 30
204 210 30 36
253 224 26 42
285 212 17 27
429 222 19 23
234 350 32 53
257 331 27 34
277 354 27 41
322 355 28 42
416 347 31 42
338 419 24 42
216 442 11 26
93 356 26 36
55 197 28 30
51 246 31 33
22 104 15 21
849 32 19 32
894 49 20 26
1003 44 14 21
939 160 20 38
989 188 25 35
790 219 22 28
903 160 21 29
763 41 17 23
818 8 19 28
941 3 20 20
976 22 15 20
645 0 23 20
791 67 22 27
861 345 27 33
866 412 23 39
940 406 22 44
955 371 27 35
958 414 24 46
130 434 21 24
726 357 23 35
644 344 19 34
778 393 27 32
981 410 11 37
782 367 28 36
