856 255 14 27
428 316 29 37
192 230 26 34
84 157 18 24
115 118 15 22
93 92 9 14
51 65 6 8
25 57 5 5
136 65 4 9
166 65 6 8
252 74 7 7
276 76 5 7
111 264 33 52
68 281 36 68
478 274 22 34
425 269 20 30
331 181 17 19
394 194 19 25
344 221 14 21
372 107 8 13
389 103 10 13
463 98 7 9
527 185 14 22
608 170 10 17
637 164 6 12
663 171 10 19
476 146 14 17
495 106 8 13
537 140 14 16
585 143 9 10
554 138 12 13
647 144 10 12
608 135 8 11
614 150 11 13
547 165 10 16
716 185 13 18
713 166 13 17
771 181 13 20
819 188 13 21
897 190 13 21
924 193 14 20
872 191 11 18
857 205 12 18
955 183 15 18
847 176 12 17
882 165 11 16
972 196 12 21
824 168 10 12
812 169 10 15
791 173 16 22
844 156 9 16
897 222 17 16
786 227 10 18
1011 187 12 23
979 330 26 42
757 173 11 18
