393 245 9 11
368 255 11 16
356 235 6 9
382 241 5 8
298 254 11 14
256 264 15 19
577 265 7 14
595 259 9 13
542 256 7 10
576 374 11 11
144 184 7 11
128 192 7 7
103 190 7 10
76 185 9 12
20 189 7 10
54 285 12 23
72 267 14 23
104 259 15 17
143 258 12 18
124 257 14 19
48 259 11 14
5 266 8 21
14 253 13 15
864 158 6 7
964 140 7 11
900 272 8 10
945 276 9 12
838 273 12 16
830 264 8 12
805 275 11 17
794 261 8 10
786 264 8 11
769 265 9 11
760 262 8 9
745 273 9 10
698 278 8 12
723 258 9 14
708 257 10 11
689 260 9 11
658 274 9 8
671 259 9 11
638 232 9 11
626 229 4 7
632 267 6 11
614 259 8 12
928 323 11 26
1012 270 8 10
953 265 11 18
891 264 7 10
331 212 5 5
317 212 4 5
304 209 3 4
182 190 7 8
203 189 8 9
176 259 15 24
229 257 18 20
209 244 15 24
357 266 15 18
197 341 24 29
424 394 18 22
456 398 18 35
318 274 10 19
543 279 9 11
493 270 7 13
478 273 10 16
459 260 11 17
477 250 9 10
509 252 8 9
550 230 5 7
595 226 7 6
495 238 5 5
419 268 11 15
401 276 8 10
420 249 9 16
441 246 9 15
392 232 9 9
