747 423 10 12
774 433 11 7
793 431 9 10
819 429 11 12
849 429 11 11
886 429 12 13
293 333 5 5
310 331 5 5
282 330 3 4
277 323 4 5
333 344 5 4
325 335 5 6
363 342 3 5
378 343 6 6
408 377 6 7
405 353 5 6
417 355 5 6
430 335 4 7
461 398 7 7
455 373 5 6
449 393 7 7
432 389 6 7
415 387 6 6
394 378 5 8
382 377 5 6
374 376 6 7
366 377 5 5
486 383 7 6
477 378 5 7
463 374 4 6
456 381 5 6
509 375 7 6
525 390 6 9
489 396 6 9
508 403 7 7
542 407 7 7
526 406 6 7
532 403 5 9
542 395 7 7
553 398 6 7
561 398 6 7
561 412 7 7
581 410 8 11
580 400 7 8
598 403 7 9
601 412 7 10
612 402 9 10
624 418 7 11
639 412 8 10
658 419 7 10
663 409 7 10
686 419 9 10
710 423 10 12
