27 26 9 12
59 22 9 13
44 6 9 15
24 1 9 12
9 13 8 10
0 7 8 16
61 8 10 9
84 23 10 11
61 49 11 11
70 64 12 14
91 0 10 12
82 7 7 8
11 71 8 12
0 80 6 12
15 82 9 13
29 78 10 10
52 83 11 14
67 77 11 14
83 82 11 12
68 96 11 11
34 97 10 13
18 97 10 11
119 215 13 13
82 212 12 13
30 209 13 19
14 168 11 15
57 172 10 14
28 154 11 13
19 135 12 14
1 149 14 16
10 117 11 11
40 127 10 13
64 116 11 14
84 121 13 17
81 144 11 15
73 150 12 13
85 99 10 14
100 90 9 11
106 79 10 14
117 81 7 11
143 77 9 13
158 79 11 16
126 103 10 13
109 106 10 15
103 122 11 12
105 137 11 16
123 145 11 13
115 162 10 18
165 159 10 13
157 143 10 13
144 134 11 15
140 115 10 14
149 110 9 12
154 98 10 12
169 101 10 14
163 124 12 13
113 10 11 13
101 4 11 14
130 7 8 11
141 11 10 12
165 7 9 13
147 0 13 13
180 3 9 11
191 9 11 12
204 8 9 10
184 71 8 10
170 86 9 11
170 74 11 11
181 89 12 16
204 80 9 14
211 72 9 12
210 100 9 16
185 114 9 14
217 2 8 10
231 7 9 9
221 0 10 8
250 7 10 9
243 6 8 10
261 5 9 12
274 10 9 11
288 11 9 12
303 2 9 13
311 19 9 13
312 1 7 11
324 4 9 13
340 6 10 14
363 14 9 11
373 12 8 11
377 1 9 10
247 55 9 12
226 45 8 9
263 69 9 12
250 83 10 13
225 69 11 15
226 88 11 15
265 102 10 13
231 102 11 15
226 117 10 12
205 119 11 14
196 161 11 13
190 220 10 11
190 175 12 15
236 156 10 13
213 157 8 6
190 140 11 12
178 129 11 14
232 138 10 14
247 130 11 11
262 134 12 14
104 177 10 13
423 169 20 24
469 179 12 13
461 147 12 15
449 141 13 14
402 135 13 12
439 131 11 10
389 150 9 10
362 166 11 12
413 156 10 12
370 156 11 13
360 116 10 15
279 143 11 17
301 134 12 16
296 121 8 9
282 107 9 9
309 117 8 10
338 119 10 13
348 109 10 13
345 99 8 9
305 91 10 16
323 86 10 14
341 86 8 10
330 110 11 11
307 80 10 13
287 86 10 13
272 57 8 11
227 59 7 8
321 74 8 10
255 118 8 7
404 112 11 15
377 99 8 11
390 89 10 13
378 83 9 10
353 76 10 11
365 73 9 9
396 61 8 14
405 78 9 10
401 89 9 9
406 99 12 12
417 101 8 13
429 104 11 14
428 86 8 11
415 77 8 7
444 66 10 12
435 58 9 14
446 89 7 10
463 97 7 11
465 82 9 12
453 118 11 14
453 106 10 11
477 87 10 11
476 69 10 12
387 34 8 10
403 36 10 10
390 4 9 10
402 1 10 10
419 4 11 12
435 3 9 12
447 3 9 15
463 5 8 11
454 5 7 10
472 1 7 10
483 6 7 10
492 9 9 11
483 0 9 6
501 4 9 11
512 8 11 13
481 47 10 11
494 64 10 12
500 43 10 9
507 55 8 12
514 71 10 14
500 90 12 13
494 100 12 11
484 113 10 10
478 97 10 11
495 118 10 11
502 135 13 19
521 122 11 18
526 154 9 12
546 113 10 14
535 134 11 12
544 77 8 11
538 57 9 11
544 65 8 10
524 62 11 14
534 4 12 14
555 13 9 13
565 21 9 11
581 7 7 9
584 0 9 11
626 9 8 9
617 23 8 11
632 22 8 10
642 29 9 10
612 48 8 9
547 47 7 10
569 59 11 14
556 66 9 10
584 53 7 8
599 60 9 10
638 41 10 10
653 45 10 13
649 5 9 10
637 52 10 14
626 53 10 12
630 70 12 14
583 69 8 10
576 79 9 13
587 84 10 14
558 80 10 17
566 105 8 12
595 103 9 10
609 93 10 11
622 97 11 11
643 93 9 12
633 87 10 9
624 109 12 11
655 64 8 11
578 24 9 8
640 166 13 16
556 177 13 15
565 125 10 10
573 139 26 28
602 142 11 14
613 151 10 10
603 117 11 14
623 131 10 14
645 120 11 12
671 111 9 11
679 115 12 12
666 90 10 14
679 90 10 11
656 92 9 12
692 90 8 12
711 111 12 14
644 151 12 14
560 209 7 8
530 183 9 11
545 216 13 16
539 140 10 14
796 190 10 13
769 183 12 12
725 171 14 16
746 164 10 13
719 133 12 15
765 124 10 16
780 139 11 10
759 145 11 11
761 166 10 11
726 104 10 10
705 92 8 9
714 98 8 10
766 100 8 11
761 114 10 14
751 118 8 13
800 115 13 17
804 93 10 13
756 89 11 13
747 87 9 13
713 77 11 12
703 78 10 11
685 61 11 14
691 71 8 10
659 77 7 12
665 65 8 10
665 44 10 9
662 25 9 10
679 12 9 12
689 2 9 11
693 25 10 12
693 37 9 11
702 51 8 9
711 41 9 11
719 49 8 11
717 18 10 12
701 14 8 11
712 4 9 10
723 2 10 11
732 13 11 12
723 14 9 11
746 10 10 10
679 57 10 13
716 64 10 12
720 61 12 14
725 73 9 12
741 59 10 11
732 47 10 18
734 25 11 15
743 33 11 13
749 46 12 13
754 64 12 14
758 72 10 12
748 82 9 10
767 56 9 12
755 17 11 16
767 28 9 15
899 194 17 20
843 181 13 18
818 157 12 15
831 131 13 14
832 112 12 13
881 128 11 15
886 147 13 12
814 185 8 10
852 160 8 10
910 171 13 14
905 135 12 14
871 110 11 17
888 102 12 14
913 109 11 14
868 92 11 13
850 97 10 12
838 88 12 10
906 87 11 13
783 78 10 14
828 71 6 8
816 79 10 13
808 73 7 10
818 60 8 11
831 53 10 13
802 57 10 13
792 64 10 13
778 67 8 10
779 44 10 12
778 39 7 9
786 31 8 11
794 46 10 13
787 17 9 11
776 12 9 10
763 3 9 16
804 12 8 11
802 3 9 10
814 14 10 11
824 28 11 14
819 39 11 12
838 31 8 10
835 17 10 16
829 9 8 9
842 4 10 10
850 53 8 8
857 59 9 12
838 65 9 12
844 60 11 9
862 79 7 8
849 73 8 12
1002 192 15 16
929 169 14 17
973 138 12 12
997 131 14 14
947 114 14 14
984 104 12 12
984 119 13 15
1004 113 18 20
932 201 12 14
936 154 14 17
969 92 10 12
980 94 8 13
990 79 12 15
985 67 10 12
963 74 10 10
921 87 12 18
945 80 10 15
921 69 8 10
900 75 9 11
870 63 9 10
878 50 10 12
889 50 10 12
906 59 11 11
915 41 11 11
926 47 10 14
944 50 10 13
947 40 10 10
972 46 10 14
977 37 10 10
970 31 9 11
949 16 10 11
976 11 9 8
963 3 9 11
942 1 10 8
911 13 8 11
929 7 7 8
881 35 8 8
862 17 9 10
855 7 10 16
877 6 9 12
889 11 10 10
866 37 10 12
960 60 11 14
946 62 10 15
939 25 9 11
862 0 8 6
889 0 10 8
604 22 10 11
535 107 10 13
830 197 9 12
1005 6 11 14
1013 86 11 12
