997 537 14 16
413 258 7 9
637 296 8 13
765 275 8 12
858 188 8 12
978 219 6 8
974 170 5 6
960 172 6 8
933 192 9 10
910 195 10 9
949 153 7 9
939 142 7 10
927 142 6 8
972 137 5 8
1004 149 8 10
956 110 6 11
963 117 7 9
1000 123 8 10
33 165 6 7
34 195 5 6
10 153 6 8
53 187 8 9
32 134 10 14
32 115 5 7
24 137 6 8
57 140 8 13
70 108 6 10
73 98 10 12
67 81 9 12
0 112 8 14
7 75 6 10
6 108 7 10
33 70 6 9
15 61 8 13
73 65 6 9
30 52 8 9
21 33 6 7
50 34 7 9
7 25 6 9
63 16 6 9
84 33 7 10
35 16 6 9
2 14 8 11
12 37 5 6
62 3 5 7
92 1 5 7
89 24 8 7
101 19 8 12
116 26 7 10
128 23 7 13
117 9 7 9
248 165 7 7
255 150 6 7
241 132 6 7
227 135 5 7
245 144 7 10
67 176 11 11
87 141 7 11
103 137 7 9
98 129 7 8
171 160 10 10
147 128 8 12
198 112 5 8
217 101 6 8
222 104 5 8
125 80 6 8
136 70 10 11
161 101 5 6
142 88 6 9
135 109 5 7
125 107 8 13
95 108 8 11
91 81 8 8
123 65 7 9
103 75 7 9
101 37 5 8
101 63 6 6
154 67 5 8
162 76 6 8
267 112 7 10
309 113 7 9
256 89 7 8
245 93 5 8
230 97 4 7
310 129 6 8
144 11 6 10
166 24 6 7
160 0 9 11
181 33 6 7
176 59 6 9
185 83 8 11
199 3 6 8
218 0 5 7
210 50 6 8
216 28 5 8
215 77 7 8
204 82 10 13
237 68 5 8
247 37 6 9
267 70 6 8
264 60 6 8
231 27 5 7
222 38 6 8
212 39 4 5
272 35 6 8
251 21 6 7
280 58 6 7
298 52 7 10
283 15 5 8
323 73 7 9
335 33 6 8
335 19 7 10
325 21 5 8
353 5 8 9
356 20 5 7
368 6 5 6
362 34 5 6
356 62 5 6
382 80 9 10
358 83 6 7
384 52 5 7
390 9 6 7
391 36 7 10
336 75 7 8
342 106 5 8
348 106 6 9
344 121 7 9
320 126 6 7
366 111 8 11
367 97 6 9
373 118 7 9
332 142 7 11
383 123 6 11
388 122 7 10
420 128 13 15
409 84 6 8
395 90 6 8
398 118 6 8
405 121 5 8
399 142 7 9
430 141 10 11
405 105 6 8
437 87 5 7
410 122 6 8
424 95 7 11
443 123 6 6
6 198 4 8
49 188 5 7
18 191 10 6
1 197 5 8
2 166 6 10
17 146 6 9
43 163 6 8
56 182 6 7
51 168 6 9
55 163 6 9
79 178 5 6
123 173 4 6
98 170 5 7
139 131 6 9
89 110 6 8
86 96 7 9
9 67 5 7
9 74 6 9
14 44 7 9
0 43 7 12
92 73 6 8
114 42 7 7
81 7 4 7
53 20 7 10
69 8 6 9
110 0 5 6
92 53 7 9
198 14 7 10
199 35 4 6
252 9 5 8
269 9 6 9
306 77 6 7
317 86 7 10
281 72 6 8
318 109 6 9
368 143 8 7
367 123 6 7
385 105 5 6
457 114 6 9
449 121 9 8
461 100 6 7
538 120 7 10
520 107 6 8
526 119 9 11
566 125 9 11
548 102 6 7
556 93 7 10
588 116 6 11
579 128 7 8
569 137 9 12
586 137 5 9
534 81 6 7
514 81 5 7
512 105 6 6
430 20 5 7
428 3 6 9
414 6 9 12
400 4 5 9
442 5 5 7
457 15 7 9
449 46 8 10
445 62 5 7
445 24 5 7
471 48 6 7
427 51 6 7
431 60 7 7
482 84 6 8
474 67 6 9
467 72 5 5
476 33 6 8
484 21 8 13
479 14 5 8
485 65 4 7
499 62 5 9
527 70 5 6
518 51 4 8
532 32 6 10
508 16 6 9
497 8 6 10
558 6 7 9
522 36 5 8
573 17 7 10
554 68 6 7
586 70 6 9
579 74 5 9
554 59 5 6
543 51 6 7
542 68 5 7
566 37 5 7
604 49 5 9
613 85 7 11
596 74 7 8
618 39 8 10
591 23 6 8
599 9 5 8
587 0 13 15
613 23 5 5
628 43 5 9
657 51 6 8
666 89 7 9
619 97 8 11
670 9 7 10
675 3 7 9
894 129 6 11
918 111 7 9
903 111 5 8
871 121 9 8
859 99 7 8
885 97 6 9
920 92 6 9
991 157 8 10
991 98 7 8
941 106 9 12
963 96 6 9
957 76 6 8
906 83 5 9
907 54 6 9
941 52 9 12
938 38 7 9
963 62 6 6
967 40 6 8
906 28 8 11
935 18 5 5
975 29 7 9
928 7 6 8
881 49 8 8
873 77 7 9
886 32 7 8
896 6 7 9
633 123 5 7
599 108 9 11
603 124 7 9
665 122 6 9
685 136 8 8
633 105 6 9
722 120 4 6
714 130 5 7
710 143 5 9
730 142 8 9
697 141 6 6
704 157 6 9
716 93 8 10
728 88 9 12
707 96 5 7
699 116 8 8
708 115 5 7
780 147 6 7
791 145 6 9
759 159 7 9
747 162 7 9
733 159 6 9
720 154 6 10
751 127 6 9
760 126 7 11
761 111 8 9
772 128 6 9
794 127 7 11
823 112 7 10
798 107 6 8
770 102 6 9
810 91 6 8
791 89 6 8
822 98 7 8
811 109 6 10
615 66 6 9
623 8 4 6
623 16 7 9
629 66 7 10
693 91 7 9
665 36 6 6
654 84 7 9
701 46 6 8
686 45 6 9
684 31 4 8
697 23 6 11
712 23 7 11
723 33 8 9
726 47 6 8
716 12 5 9
730 5 5 7
727 21 5 8
692 12 5 7
697 15 6 7
684 20 7 8
718 66 4 6
764 86 7 9
718 80 7 8
747 67 5 8
728 68 6 6
756 92 7 6
778 86 8 8
775 63 6 10
763 4 5 7
769 29 5 9
787 33 5 8
776 40 5 8
783 57 5 7
804 38 5 7
805 59 7 8
789 17 6 10
823 40 6 9
824 26 6 6
808 23 8 10
803 8 5 8
800 1 7 7
799 27 5 6
778 10 6 9
854 73 6 10
840 71 6 9
856 28 8 9
810 5 7 9
828 11 5 6
22 585 9 21
498 34 8 9
678 62 6 8
863 47 8 7
828 54 7 8
149 43 9 11
57 52 10 10
112 103 5 9
280 126 8 11
935 79 8 8
