989 95 22 26
943 47 19 22
973 28 13 15
1005 24 11 14
828 129 24 25
855 156 15 19
794 114 19 27
726 183 18 22
716 108 21 27
750 48 14 18
680 45 14 18
673 187 26 38
697 180 16 16
758 172 18 24
601 192 23 22
588 132 19 23
523 107 23 27
546 200 20 25
389 277 94 104
455 185 22 30
484 189 17 26
436 123 17 28
417 128 17 27
387 135 19 23
386 189 24 29
350 194 20 24
265 66 18 25
277 119 16 24
266 206 19 23
160 178 16 21
189 127 15 24
154 132 16 26
85 105 19 27
122 178 18 23
110 195 20 23
94 184 15 17
65 196 20 24
33 191 19 24
