846 351 36 55
729 308 37 50
833 226 30 37
777 128 29 32
847 122 29 38
880 116 34 44
908 62 35 40
916 1 33 39
841 57 28 37
859 0 24 27
817 0 25 21
776 8 25 31
713 122 31 35
592 169 22 27
629 115 22 29
694 114 20 28
750 112 18 30
732 65 22 30
684 59 21 25
601 101 21 26
595 51 21 20
628 19 21 24
769 115 23 33
687 29 20 20
739 10 18 26
677 8 14 21
657 9 15 20
496 108 22 22
547 58 18 24
568 4 16 21
433 26 20 27
478 20 17 21
443 4 15 19
514 20 16 18
250 178 19 35
371 98 20 24
326 95 20 27
380 37 19 22
385 16 16 20
357 5 13 16
323 60 17 18
276 3 14 18
301 0 11 9
428 2 11 12
36 22 17 20
59 15 18 19
92 36 18 21
85 0 13 14
107 0 17 13
120 21 15 17
179 46 19 20
156 16 18 23
181 2 15 16
216 28 11 16
191 36 11 14
236 22 16 20
226 11 14 20
206 0 11 12
344 0 9 12
94 309 31 54
