174 236 51 68
278 239 44 63
129 116 39 55
188 71 41 64
296 63 39 53
254 132 41 56
403 124 41 58
347 81 32 49
422 56 39 56
481 99 41 61
531 57 39 57
395 238 44 57
541 225 40 58
602 209 48 64
707 281 42 59
778 237 47 62
617 73 39 55
668 99 45 61
686 25 45 56
760 39 30 42
749 101 42 56
826 101 46 61
806 18 35 47
886 99 37 47
908 41 38 51
871 21 20 22
938 11 19 24
981 19 17 19
900 1 18 24
914 132 41 54
62 33 17 22
22 15 17 25
108 24 17 20
110 50 13 18
164 24 16 19
151 13 14 17
83 19 15 19
51 22 14 17
851 3 15 18
