157 99 9 11
481 601 22 34
737 607 9 11
625 601 7 10
673 608 6 8
652 608 8 9
12 828 14 14
142 857 11 11
351 873 3 7
395 864 8 9
478 871 6 8
410 865 7 8
511 843 35 41
565 831 32 34
629 830 30 36
720 844 38 42
183 101 9 9
131 104 7 8
106 101 7 8
316 66 22 31
355 78 17 24
375 60 18 24
417 69 24 29
446 78 18 27
494 66 14 18
494 71 42 65
568 91 21 30
628 77 38 47
716 41 58 76
249 322 19 26
335 289 30 39
392 321 18 20
468 322 28 33
543 293 18 27
618 282 20 26
693 275 22 29
836 326 9 17
888 352 10 12
985 322 13 15
148 566 13 15
129 574 7 13
177 564 9 15
250 613 27 39
314 614 22 30
402 604 24 30
776 109 9 8
477 588 18 24
698 610 6 7
475 861 7 8
269 864 13 27
