214 355 67 71
313 330 35 62
288 251 44 50
413 240 24 28
143 262 43 44
128 242 28 35
93 225 17 36
212 221 32 37
333 210 15 22
539 283 42 48
600 261 29 37
724 246 25 30
801 218 20 22
467 184 27 30
890 178 20 22
844 195 21 26
773 190 17 26
809 192 21 17
714 194 12 16
740 160 11 13
835 176 11 11
787 160 12 14
873 175 9 14
834 137 7 12
821 170 10 12
881 159 7 7
895 134 7 15
535 128 7 11
543 134 6 10
480 132 6 8
490 166 7 11
194 183 13 14
175 171 11 13
217 168 6 8
85 357 22 43
637 172 11 12
678 198 17 23
998 261 26 38
873 286 38 38
772 134 10 10
851 129 10 14
931 128 12 15
996 124 13 15
587 168 13 16
613 169 8 13
551 171 12 13
542 207 33 31
140 203 15 18
190 219 14 22
150 187 16 16
226 192 23 33
