623 188 12 15
653 197 9 14
671 200 9 8
691 191 9 14
748 199 9 11
803 196 9 11
814 183 11 12
364 230 10 9
849 183 10 10
902 207 9 12
883 197 8 11
935 198 9 11
915 197 9 12
925 208 7 12
957 193 11 13
966 192 12 12
975 200 11 12
907 373 10 12
997 368 9 12
1011 371 12 14
1015 307 9 14
399 356 7 13
481 316 11 15
479 352 10 15
535 314 14 17
506 181 10 13
842 370 9 12
815 368 8 11
792 364 10 12
789 390 8 12
919 315 9 12
964 308 10 12
887 313 9 12
874 378 9 12
973 423 10 12
480 179 8 12
471 197 9 12
452 193 8 12
434 183 10 12
403 182 9 9
393 177 9 11
384 189 7 10
234 195 9 11
248 187 8 10
287 191 10 11
304 191 8 11
323 198 9 10
210 202 7 10
193 184 8 11
32 185 8 11
7 190 8 10
105 194 9 11
110 220 8 9
97 360 10 11
92 337 10 12
56 348 8 12
0 336 8 12
118 387 7 9
167 353 11 13
203 329 8 11
212 331 10 13
234 353 9 11
262 331 10 11
315 339 11 13
360 342 10 12
363 361 7 10
373 354 10 14
335 357 7 10
420 331 11 14
594 355 10 14
536 369 10 12
539 337 10 12
531 429 10 12
620 364 7 12
642 367 10 11
690 374 9 12
698 357 8 12
742 372 11 13
