619 542 44 60
519 514 42 46
570 459 34 46
778 517 41 46
885 514 42 45
869 418 41 47
752 454 40 37
662 449 29 37
672 396 31 35
597 358 20 26
661 356 26 29
818 375 30 35
738 402 29 30
688 315 24 24
605 317 21 24
534 384 20 24
463 319 29 34
775 327 25 29
368 393 36 47
304 350 27 30
84 314 75 73
299 281 19 21
297 281 21 21
415 231 24 29
481 217 23 24
550 187 21 25
600 285 16 20
572 317 17 22
268 322 26 26
395 501 27 45
210 290 14 19
97 199 20 21
89 214 40 65
295 197 11 14
250 187 10 11
238 195 9 13
653 270 15 25
727 174 10 15
615 177 10 13
707 184 9 11
418 60 6 9
748 297 23 20
3 70 12 11
567 428 24 27
684 294 16 14
619 297 11 19
512 174 11 18
379 257 15 19
302 219 11 17
