409 253 34 86
621 369 6 10
645 372 10 10
635 365 8 11
572 386 5 8
542 389 8 8
518 385 6 9
522 398 6 8
554 348 5 6
558 359 5 8
579 346 4 8
519 355 6 7
517 366 9 9
531 349 6 8
538 355 6 6
513 341 5 7
493 362 9 8
485 360 5 7
466 383 5 8
489 397 6 9
474 351 5 8
569 327 6 6
611 329 5 5
620 337 4 4
628 354 6 8
583 361 6 7
527 329 6 7
79 409 9 10
109 407 6 12
117 398 8 13
136 395 6 9
148 408 7 12
46 411 8 10
16 411 8 11
51 400 7 10
23 379 6 8
10 370 6 9
6 387 6 8
38 369 7 11
42 360 8 9
164 396 7 9
152 398 9 11
130 377 7 8
148 373 5 7
110 389 8 12
106 376 6 9
95 372 6 8
86 385 8 9
78 357 7 7
99 362 6 8
86 339 6 9
57 349 4 6
58 383 8 11
44 379 8 9
31 386 8 10
185 385 7 11
211 399 7 9
173 368 6 11
170 341 6 7
217 357 7 7
201 366 8 9
193 360 6 8
214 341 7 10
146 350 7 7
190 378 7 10
203 378 8 8
157 361 8 10
23 360 6 7
74 396 7 7
645 280 51 77
835 275 19 30
894 426 10 12
935 418 9 13
926 413 11 13
921 404 7 12
927 386 7 13
956 399 7 12
964 408 7 12
951 388 7 11
962 381 8 12
945 371 7 9
916 372 8 9
887 389 7 8
904 332 6 9
883 336 6 7
596 422 10 14
625 413 9 13
651 406 8 13
613 412 10 12
604 403 9 9
584 414 11 12
489 421 9 11
474 409 8 13
482 404 7 12
520 413 7 10
601 385 7 11
635 389 6 8
659 381 5 10
595 375 6 9
