44 359 25 52
7 326 34 43
503 348 17 30
830 270 13 11
747 239 9 10
728 201 7 8
855 265 9 9
908 250 13 13
929 246 7 9
915 302 6 13
720 203 7 12
677 208 6 10
771 290 9 13
538 192 8 10
527 185 9 10
515 161 7 12
565 170 8 10
470 152 8 13
437 152 10 11
497 159 8 11
525 163 9 7
405 125 6 7
258 108 11 12
226 104 13 9
434 133 6 8
139 69 10 9
183 74 8 9
206 95 9 10
199 84 8 10
114 59 8 10
82 49 9 9
52 45 11 10
33 41 8 9
12 41 11 11
9 28 8 10
75 44 6 9
528 110 5 5
845 298 12 16
853 242 8 10
427 124 5 7
530 127 6 6
515 150 6 6
486 153 6 7
732 190 7 9
725 192 6 7
831 239 7 12
794 217 7 6
521 315 13 23
545 171 7 8
799 361 10 17
799 235 6 9
768 206 6 7
743 208 9 11
734 221 7 10
649 202 7 11
634 196 7 10
700 225 9 10
667 188 7 11
601 180 5 8
581 169 6 9
563 192 10 11
284 116 8 10
306 107 7 11
335 118 6 10
349 129 7 11
369 133 6 11
394 141 8 11
283 84 6 6
323 93 4 5
356 105 6 7
374 110 6 8
386 120 6 7
344 410 18 23
