664 213 25 42
809 215 21 34
868 223 19 36
942 208 16 23
746 227 24 32
572 213 20 37
596 208 12 17
632 193 16 18
391 251 30 41
248 282 30 32
338 228 18 29
356 220 14 25
302 213 13 17
223 197 16 24
267 228 14 19
280 189 10 22
371 176 11 18
396 185 10 15
410 195 14 18
360 201 14 20
512 212 18 21
474 217 23 29
445 218 16 22
240 183 12 21
138 218 18 20
109 185 11 14
128 191 10 14
77 186 10 13
26 181 12 18
198 181 11 16
99 173 8 10
303 175 9 10
457 178 9 15
679 191 15 21
839 221 14 21
445 202 12 14
91 168 5 7
419 217 20 35
617 244 17 26
559 178 9 10
