241 340 15 17
199 319 14 17
180 339 13 18
295 339 5 12
474 342 13 14
432 307 8 14
514 299 11 16
410 346 13 16
331 374 8 15
395 369 7 14
426 378 7 14
475 382 8 13
570 392 10 14
553 315 11 16
626 299 13 14
678 295 9 14
716 282 11 12
693 276 9 12
662 261 10 14
653 286 10 11
558 304 13 13
678 388 8 13
703 303 8 10
759 357 5 13
816 297 11 15
808 315 11 13
782 255 10 12
851 349 10 14
822 334 8 15
878 316 7 9
965 326 10 15
890 235 8 11
676 322 6 14
546 388 10 10
861 276 10 16
966 241 6 6
770 291 12 15
620 322 9 14
