950 232 28 33
837 208 36 42
891 368 39 44
774 348 37 38
753 220 31 38
694 245 32 30
623 257 34 35
671 357 35 38
563 330 34 43
563 250 33 35
549 198 33 33
688 194 13 13
640 194 15 14
734 193 13 20
937 169 14 14
471 328 36 37
437 235 31 33
371 323 34 42
333 243 33 41
352 230 26 33
257 177 30 41
224 201 39 42
253 347 33 43
287 330 30 45
97 174 30 42
927 80 12 15
949 63 12 12
1001 44 13 18
981 25 13 17
920 24 11 13
924 8 11 14
895 61 13 14
888 135 14 17
834 132 14 11
804 150 13 19
788 125 17 17
790 52 11 13
832 42 13 13
836 28 13 13
770 22 14 15
729 65 13 14
739 119 15 18
704 120 14 17
702 152 14 19
735 137 15 19
868 153 16 20
973 143 14 14
984 177 13 14
954 128 12 15
703 27 10 13
672 60 15 17
579 94 14 17
625 59 14 14
559 27 11 13
503 26 11 11
451 17 12 14
418 38 12 14
466 112 13 17
512 115 15 15
540 115 14 14
543 148 14 16
579 132 14 15
625 138 13 15
643 142 14 18
469 64 14 16
445 99 12 13
423 113 15 16
434 133 14 16
483 156 16 14
670 6 13 12
376 133 16 17
525 47 11 13
517 2 12 11
580 5 13 13
599 2 11 8
624 1 12 10
362 27 11 11
341 31 11 12
306 21 12 12
299 82 15 14
370 106 13 14
324 106 11 11
335 142 13 18
300 140 15 15
271 135 11 12
174 54 13 15
229 80 13 17
115 80 13 14
21 104 13 14
50 43 13 11
246 133 15 18
215 132 13 10
106 43 13 13
93 41 12 13
