777 488 17 16
567 215 8 12
552 228 10 15
538 249 12 16
470 257 11 12
469 188 10 14
430 206 11 12
385 240 11 16
350 250 12 15
323 237 11 15
348 275 11 13
206 238 10 15
270 322 13 15
228 308 11 12
204 333 13 17
323 332 13 15
327 352 9 17
323 410 11 17
51 329 12 18
776 87 9 11
800 83 8 13
747 74 9 11
719 84 7 8
721 46 10 11
764 48 9 11
836 75 7 14
788 49 11 11
695 54 9 10
865 95 10 10
858 32 9 8
835 8 10 9
755 25 9 10
895 91 10 11
911 37 9 10
966 94 10 11
186 53 6 10
365 36 11 13
26 48 7 16
266 60 8 6
240 45 8 11
33 20 11 9
444 76 12 11
439 8 13 13
495 51 9 10
528 31 9 12
556 47 12 12
604 70 11 14
632 72 8 9
624 38 11 10
607 19 10 11
304 18 11 11
339 6 10 14
947 1 8 9
980 6 10 10
1018 14 6 10
881 74 9 11
333 40 7 9
662 68 10 11
675 41 10 11
649 42 5 7
51 51 8 10
217 35 7 12
5 45 10 14
