595 79 56 63
512 83 26 24
499 42 20 24
257 118 21 35
506 134 21 21
371 50 17 21
430 85 24 23
431 126 26 21
379 75 19 26
287 34 25 29
402 7 17 24
357 140 23 24
180 156 24 34
141 161 24 32
59 169 29 33
220 73 23 28
238 28 21 28
138 69 26 35
62 89 20 25
37 37 23 24
129 41 22 19
432 7 18 24
650 50 19 23
201 34 21 27
316 35 21 25
455 153 23 18
27 2 21 14
942 157 19 26
992 161 20 23
853 161 19 24
775 51 17 24
928 91 16 17
970 114 20 27
957 90 19 25
964 55 20 24
829 91 19 20
914 121 18 22
875 18 21 24
865 58 21 19
942 15 10 23
989 19 14 21
794 52 18 19
418 58 19 21
789 97 16 17
827 64 13 17
806 172 21 23
