189 486 18 23
270 557 16 21
304 484 21 21
316 439 18 19
30 573 21 22
430 593 18 26
422 512 18 19
351 467 16 18
427 425 15 22
263 449 18 12
422 406 18 18
474 335 11 12
337 352 12 12
345 331 9 15
659 489 18 22
811 317 13 15
786 301 10 12
866 356 13 15
797 353 12 15
888 292 11 14
803 260 8 11
876 261 11 12
808 238 9 13
776 197 6 8
783 210 8 9
800 169 4 6
774 173 6 7
379 319 9 14
448 189 6 8
421 176 6 8
432 173 6 6
451 172 6 7
519 185 6 7
486 193 7 9
520 159 5 6
123 274 5 7
773 140 5 8
807 284 9 10
546 161 5 7
504 159 5 6
483 169 6 7
491 165 6 6
539 149 6 6
246 485 18 23
306 402 14 18
145 272 5 5
418 321 10 10
522 193 7 7
534 163 5 5
496 172 5 5
553 153 5 6
559 124 5 6
