889 407 18 25
804 435 20 24
928 562 21 27
299 540 25 33
53 438 17 22
87 396 14 15
192 450 14 21
193 424 15 19
232 377 12 15
16 344 12 11
136 349 14 16
293 392 16 20
296 431 13 19
203 416 13 15
215 410 12 11
267 347 8 16
865 234 10 13
293 304 5 9
200 308 7 11
384 195 5 8
369 200 5 7
379 214 5 7
450 223 6 8
447 203 5 8
408 210 6 7
270 212 8 11
261 224 5 8
277 232 3 7
310 244 6 8
81 371 5 13
776 185 5 9
758 183 5 8
799 192 5 6
803 184 4 6
790 188 4 5
796 183 4 5
817 190 5 4
827 187 5 7
853 194 4 7
839 196 5 6
843 200 6 6
870 197 5 7
931 198 5 8
889 203 6 8
879 208 5 7
945 210 5 7
905 205 5 7
914 201 5 8
865 206 6 8
873 229 7 10
881 232 9 10
901 231 9 11
831 207 4 9
911 220 4 8
984 204 4 6
991 202 6 7
999 200 5 7
964 251 6 10
980 319 11 17
290 477 11 19
360 298 7 9
927 261 11 12
982 238 11 14
882 214 7 10
921 228 10 12
47 317 7 10
66 299 8 12
154 313 10 14
315 262 8 11
235 335 7 13
271 264 7 8
259 267 7 10
223 267 8 8
238 241 7 10
197 219 5 7
298 261 7 9
221 229 5 6
337 243 7 7
357 249 7 10
384 245 8 10
367 251 7 9
401 239 7 9
427 241 8 8
447 242 7 9
315 213 6 6
389 209 7 8
361 217 6 6
177 286 8 12
199 287 8 10
340 268 7 9
182 254 7 8
201 239 7 7
251 621 16 22
699 404 12 23
743 475 12 20
160 242 6 11
135 222 5 6
95 271 5 7
118 258 5 7
151 259 6 11
306 277 6 10
266 287 7 10
186 322 8 14
205 354 10 16
320 369 7 15
230 293 7 12
108 297 6 12
154 193 7 8
374 232 7 11
255 206 5 7
340 201 7 11
297 215 5 6
146 294 8 12
222 318 4 14
133 243 6 8
249 255 8 9
261 247 8 10
233 226 6 8
236 219 6 7
409 197 7 9
276 241 7 8
285 223 8 8
335 252 6 8
