101 154 26 35
177 148 27 36
264 175 17 20
271 212 26 34
212 211 28 39
147 230 38 53
144 296 32 48
320 150 16 23
417 158 26 48
498 294 28 38
520 206 22 28
546 236 25 28
654 202 13 18
634 215 16 20
588 217 16 26
623 270 22 30
647 320 23 35
734 230 8 16
763 246 13 21
740 322 24 36
420 530 29 43
499 502 31 41
639 515 31 45
797 262 12 16
824 269 10 15
846 273 16 22
834 287 15 20
794 286 17 27
848 323 22 30
886 322 23 30
859 271 10 15
881 287 9 11
901 283 15 21
805 415 28 41
850 399 23 27
918 396 25 31
934 269 10 15
966 374 27 34
712 397 30 40
818 288 13 18
