16 449 15 17
37 453 17 21
53 452 13 21
65 445 15 18
93 463 14 18
138 449 18 22
163 458 17 20
136 416 18 15
139 378 12 15
199 460 13 20
234 461 18 27
217 451 12 18
272 460 11 14
274 534 10 13
290 451 16 25
311 465 8 15
372 460 13 32
380 481 10 15
386 460 10 17
428 475 18 24
453 449 18 24
476 452 14 18
519 459 21 21
551 468 16 20
596 443 11 17
625 462 18 26
570 467 23 40
691 454 17 20
709 454 16 18
639 453 14 27
739 462 17 17
756 446 18 20
800 458 10 16
841 458 18 20
862 452 13 17
862 485 19 23
897 487 15 22
911 390 16 17
906 428 17 24
921 429 20 28
952 434 21 27
977 450 14 15
1011 451 12 17
917 580 23 29
747 25 18 18
