899 287 37 49
743 345 34 46
849 273 30 37
959 214 35 42
950 145 33 43
867 122 31 41
777 213 32 40
653 185 34 47
498 256 40 50
543 163 43 48
442 161 34 43
317 280 40 41
334 181 32 36
382 118 30 37
267 164 37 43
201 163 29 34
179 153 25 35
105 274 42 49
70 170 33 42
50 145 24 34
16 94 31 40
129 93 30 39
94 73 26 36
171 68 26 40
203 89 29 36
263 112 28 42
326 93 31 35
363 55 34 40
461 95 30 36
433 71 27 40
383 15 28 33
365 12 26 30
313 2 32 30
195 1 27 36
123 12 32 39
256 91 23 32
655 135 35 40
718 138 31 37
727 67 31 36
691 51 28 39
602 81 33 37
634 22 26 38
682 12 33 39
564 11 34 41
495 31 32 38
451 5 27 29
798 100 27 35
802 31 27 34
916 52 24 32
957 65 27 30
966 100 25 35
918 0 31 15
893 0 21 24
785 15 26 34
234 66 32 42
62 311 27 38
973 332 33 41
272 69 25 36
904 46 23 42
771 13 25 39
