121 214 31 40
195 215 30 36
247 221 28 34
269 224 21 32
301 200 22 26
302 227 26 31
353 226 27 31
367 206 22 29
411 205 21 24
422 238 24 29
458 223 22 31
488 217 17 22
491 233 13 19
501 231 14 19
488 252 18 16
520 231 17 25
547 220 20 23
569 214 15 21
389 310 26 38
452 299 25 29
587 224 22 30
562 237 14 15
616 220 19 24
645 219 21 24
593 299 24 31
572 322 21 27
697 248 18 21
715 252 17 20
739 253 19 20
777 230 19 20
800 254 20 21
831 240 20 18
715 295 25 27
659 296 21 26
880 233 19 23
914 221 21 23
