856 362 10 16
918 358 9 12
943 378 7 12
953 381 6 12
980 394 5 9
904 403 6 7
894 406 6 6
826 373 9 10
815 374 9 10
798 377 11 13
765 357 12 13
793 376 8 11
837 376 6 8
849 359 9 13
985 433 6 11
992 432 5 13
909 439 9 14
892 444 8 11
902 432 8 12
937 445 9 12
914 464 8 19
926 499 14 23
902 516 21 14
925 537 13 20
944 506 15 30
973 547 16 19
1005 568 17 31
993 580 21 22
740 380 10 10
669 366 10 13
604 354 20 22
584 363 21 23
550 361 17 20
444 355 14 19
427 365 15 22
390 364 14 14
404 354 12 12
362 351 17 22
334 342 23 21
493 355 17 23
299 373 17 21
280 376 18 21
219 368 15 19
248 379 21 26
198 370 16 20
179 369 18 21
111 369 18 22
85 355 18 22
34 375 20 28
9 375 18 19
976 520 14 31
