45 94 11 13
57 83 12 11
71 87 12 15
38 169 12 16
110 132 14 13
79 153 10 17
53 132 14 14
163 144 14 17
157 112 13 16
137 112 16 15
111 97 12 18
130 83 16 19
158 98 11 13
172 107 16 20
193 120 13 17
223 142 11 14
218 120 15 15
206 92 13 19
173 78 13 17
186 75 5 5
243 45 14 14
247 102 14 20
239 97 12 14
269 105 16 19
266 96 14 15
278 86 12 13
284 98 11 20
309 108 14 17
308 86 13 16
338 168 14 18
343 131 10 13
76 76 11 9
328 104 13 16
332 79 12 14
358 103 12 17
353 92 13 13
365 83 13 11
380 113 13 19
380 94 10 14
392 90 10 14
436 125 14 20
443 169 16 19
410 201 14 18
389 202 13 13
460 98 13 17
490 204 15 16
492 186 13 16
509 173 11 17
532 138 14 14
522 107 16 19
500 75 13 15
481 93 11 16
499 108 13 16
555 87 12 14
560 101 11 18
559 158 11 15
559 182 14 15
569 217 16 21
590 94 15 19
583 105 10 11
577 108 8 11
583 119 12 15
591 123 13 20
549 107 8 10
606 81 13 16
610 99 11 15
625 115 14 17
630 139 14 21
617 175 15 22
680 175 15 19
683 141 16 20
671 131 14 18
677 117 14 14
662 54 14 18
720 118 16 19
727 164 13 19
762 126 13 14
738 104 15 20
777 103 17 22
757 103 16 15
784 89 14 17
803 97 15 17
817 96 15 18
836 124 18 14
790 212 17 19
824 232 15 20
607 208 14 20
609 240 12 17
841 96 15 15
860 95 14 19
886 112 14 20
884 84 13 14
906 93 14 15
902 81 14 13
920 95 15 14
909 125 16 20
936 115 15 18
947 92 11 16
957 92 10 15
966 87 9 21
974 89 12 20
988 98 9 14
1004 83 12 20
984 122 9 14
997 187 17 16
976 194 14 16
992 225 13 16
890 215 15 19
924 220 20 18
895 204 16 16
998 102 12 15
0 199 4 21
97 215 14 16
33 261 16 19
68 277 19 22
45 288 10 18
18 295 12 17
0 320 5 17
41 359 17 18
45 352 16 15
66 335 14 13
96 312 13 15
91 294 14 17
123 268 10 15
156 269 14 16
160 291 12 16
97 351 14 14
98 372 16 16
74 402 15 16
116 401 17 22
34 445 16 14
1 384 16 17
64 439 15 12
95 423 17 20
165 378 13 13
193 399 15 19
224 397 17 21
202 440 17 22
262 432 16 17
301 435 19 16
347 436 18 17
351 401 20 16
338 398 14 20
360 365 16 16
193 273 14 15
212 239 14 18
254 230 13 16
247 286 18 19
237 293 17 17
279 251 13 18
302 207 15 17
311 263 16 17
325 273 18 19
358 245 14 19
369 296 16 17
405 294 13 17
402 327 14 15
370 331 15 16
350 339 15 17
431 442 17 18
421 427 13 21
421 311 11 12
479 309 14 16
538 241 13 20
479 334 13 18
465 360 15 22
453 394 10 12
452 385 10 13
498 447 15 15
546 354 14 20
612 359 13 19
632 367 13 18
612 418 16 17
631 421 13 17
653 468 13 16
677 426 16 16
686 276 16 13
714 295 17 19
707 319 14 12
758 258 11 12
767 271 12 13
805 277 16 24
736 319 15 26
724 359 15 15
810 369 16 19
777 457 16 16
725 452 13 19
954 253 14 18
880 250 14 16
842 315 13 18
838 342 17 18
897 350 18 23
976 336 16 24
1004 334 13 19
962 300 13 19
940 295 14 19
862 443 12 19
895 444 10 18
936 470 16 16
1016 427 8 16
186 85 13 16
513 282 14 15
650 245 11 15
412 99 12 13
673 99 15 14
766 493 25 17
614 447 15 17
454 489 12 15
1 115 13 15
9 100 14 18
25 94 12 16
36 91 12 18
21 156 14 17
279 145 14 13
222 91 11 15
50 383 15 14
820 270 13 16
845 239 12 16
536 482 15 17
