812 295 60 64
741 266 52 58
671 259 59 60
568 327 78 76
426 306 85 93
498 297 65 75
505 218 54 57
620 359 85 94
430 239 54 59
754 222 25 29
904 588 120 153
886 436 75 72
722 473 96 120
959 301 65 68
901 232 42 50
240 373 103 124
307 279 84 90
358 250 72 72
372 125 17 19
321 103 20 24
193 114 26 28
130 87 25 30
169 97 18 22
219 100 17 21
246 84 11 15
267 81 12 13
303 72 8 11
310 66 8 8
274 67 11 14
213 57 10 11
231 54 10 12
585 194 43 45
729 134 15 16
636 179 24 29
597 161 24 25
614 136 18 19
479 151 29 33
566 151 19 20
509 157 19 22
553 123 14 16
595 107 9 11
551 103 8 10
483 113 15 20
492 92 8 11
508 98 7 9
807 99 12 13
765 120 13 15
781 103 12 13
753 101 14 14
705 129 12 11
708 118 11 12
683 89 8 9
690 125 10 12
994 146 19 21
882 124 22 16
796 128 17 13
853 120 11 21
661 111 10 11
556 77 8 10
605 89 8 11
621 86 8 10
686 96 8 11
589 94 8 9
627 102 11 9
798 159 6 20
840 132 16 17
0 435 41 178
0 380 63 132
0 213 69 82
103 214 54 47
115 30 10 9
34 15 9 12
8 8 12 14
846 503 99 101
234 297 80 110
