661 126 25 29
124 39 10 12
185 41 9 11
859 456 42 52
606 237 20 25
980 324 35 38
1008 289 16 39
977 260 40 39
863 350 45 38
927 322 45 42
863 265 41 36
840 324 43 39
799 361 42 38
763 432 42 48
727 501 49 48
693 457 58 53
681 481 43 46
708 422 56 41
780 318 42 46
774 355 39 41
765 298 39 42
781 264 39 39
727 273 40 42
562 555 59 62
522 583 54 50
476 582 62 50
445 627 22 31
453 647 24 26
487 478 53 56
638 428 41 43
619 393 44 40
517 420 56 56
710 334 38 50
684 327 42 46
646 300 40 49
655 273 35 39
620 255 35 33
615 285 48 43
554 376 39 49
563 451 45 63
529 259 27 24
486 261 44 36
471 313 43 49
477 393 40 50
424 421 49 49
363 496 57 51
301 570 58 57
270 547 53 56
270 485 40 49
328 402 57 48
405 363 41 46
371 319 36 40
456 254 36 38
388 266 43 34
238 548 47 50
147 552 54 54
102 557 37 48
79 540 47 44
221 427 39 54
176 386 34 40
281 310 45 39
353 238 39 35
271 259 32 38
80 464 43 44
8 510 51 51
24 462 32 35
101 356 53 37
147 323 33 35
137 310 35 32
90 328 39 39
162 246 41 39
209 267 33 41
37 337 26 29
6 263 30 40
103 264 29 35
961 211 45 35
1007 182 17 34
942 187 28 31
883 219 28 32
911 182 27 27
904 177 21 23
947 113 18 26
936 83 19 24
959 95 20 22
872 70 13 22
849 75 18 24
924 63 18 21
893 88 16 19
859 45 16 16
807 142 30 31
801 234 32 31
755 215 32 34
667 241 29 35
661 272 32 33
699 207 34 32
657 211 26 22
668 181 23 28
712 171 19 27
778 156 23 21
779 128 18 23
802 97 19 25
876 101 21 28
852 93 24 22
972 0 26 13
841 35 18 21
747 25 16 19
760 101 16 21
738 112 18 30
699 118 21 17
686 143 20 20
714 107 22 18
687 82 22 24
691 25 15 17
721 21 18 16
820 48 11 11
852 13 13 20
569 220 30 29
591 199 32 32
560 188 31 28
599 164 26 29
624 144 26 30
550 154 29 28
579 140 22 27
542 139 26 30
554 113 23 27
635 116 21 23
607 125 19 30
609 99 21 24
642 83 19 17
580 84 16 19
609 77 18 20
623 62 15 18
638 67 17 19
584 59 16 21
538 116 20 24
486 137 32 31
491 219 35 33
515 179 34 34
507 184 27 30
498 189 25 28
526 31 17 20
519 82 19 18
461 27 25 24
467 86 16 17
447 101 18 20
442 239 30 32
422 238 27 31
428 208 22 31
444 200 28 27
344 179 31 35
269 220 28 30
228 231 33 34
166 216 36 40
249 172 32 34
375 184 28 28
430 133 23 31
385 150 27 27
360 146 25 25
333 169 28 23
333 157 26 31
320 133 28 28
354 121 27 25
394 113 20 26
365 96 23 25
383 96 20 25
419 68 13 14
368 66 24 24
445 64 18 17
370 13 15 16
368 41 18 22
403 35 20 17
408 11 14 15
400 0 13 12
316 89 23 19
280 99 21 21
251 154 24 23
241 125 25 27
292 34 20 20
283 37 17 20
302 13 15 16
277 16 16 17
271 14 15 19
243 32 19 16
231 70 17 20
219 112 17 20
116 225 28 31
103 211 27 31
163 170 23 28
156 200 22 28
78 125 31 29
146 95 23 29
0 148 22 22
0 108 16 27
117 84 23 28
113 0 15 15
51 0 13 7
37 94 9 9
1017 40 7 45
127 15 17 21
137 66 19 20
0 55 5 14
406 216 22 31
248 196 36 35
617 520 54 54
951 630 44 53
914 601 53 51
827 628 62 52
774 600 55 55
798 540 51 44
970 540 37 39
996 374 26 31
965 494 43 52
906 292 26 37
