988 291 21 22
994 320 28 30
948 316 19 24
979 299 17 20
937 295 17 20
960 254 9 11
922 313 29 32
895 298 18 18
913 306 11 13
885 335 19 21
876 314 17 18
844 328 22 23
853 302 16 18
842 316 15 16
835 245 13 17
826 349 15 28
806 314 15 15
789 339 17 18
754 335 15 17
707 293 21 24
744 302 17 17
747 287 18 22
671 350 17 21
652 364 19 19
647 348 16 20
656 307 8 9
776 392 33 46
608 362 18 18
565 353 26 26
492 383 25 28
413 391 28 35
367 390 25 30
142 460 83 83
294 443 50 62
108 423 16 16
305 407 16 19
291 391 9 15
87 454 18 23
42 424 8 11
80 412 12 11
117 403 6 10
129 390 4 6
105 403 10 10
281 394 11 14
206 402 9 10
233 392 9 10
459 133 20 23
467 381 10 10
441 381 12 17
677 406 7 10
730 349 8 12
152 397 7 7
146 395 7 10
